"C19orf48"	C19orf48_50799272-50799357_50798703-50798958_50802216-50802249	56	23	388	38	-0.282
"ZNF844"	ZNF844_12074361-12074421_12074030-12074157_12075311-12081565	331	363	276	161	-0.398
"SS18"	SS18_26035831-26035923_26035004-26035127_26038554-26038659	650	145	801	1004	0.254
"NOL11"	NOL11_67737071-67737145_67736579-67736754_67737507-67737689	405	139	1593	63	-0.293
"NME1"	NME1_51154225-51154444_51153664-51153724_51155650-51155780	111	10	223	1	-0.246
"RFWD3"	RFWD3_74651920-74652122_74644540-74644735_74660931-74661451	96	17	667	2	-0.212
"VKORC1"	VKORC1_31093312-31093421_31090853-31091342_31094556-31094797	1225	559	9770	878	-0.241
"VKORC1"	VKORC1_31093312-31093482_31090841-31091342_31094556-31094760	566	559	4882	878	-0.324
"RNPS1"	RNPS1_2266110-2266216_2264572-2264760_2267662-2267833	61	118	22	385	0.284
"DECR2"	DECR2_406685-406833_406345-406397_407424-407560	42	82	29	482	0.335
"DECR2"	DECR2_406685-406889_406345-406397_407424-407580	42	82	25	482	0.346
"DECR2"	DECR2_406685-406952_406345-406397_407424-407560	58	82	31	482	0.382
"ACAN"	ACAN_88860326-88860439_88854851-88859417_88868215-88868329	56	149	1284	400	-0.261
"ACAN"	ACAN_88868216-88868329_88860325-88860439_88871381-88871540	182	24	693	1315	0.385
"LRRC49"	LRRC49_70893584-70893655_70892625-70892942_70904551-70904755	228	26	148	2	-0.205
"KNSTRN"	KNSTRN_40391493-40391554_40389835-40389929_40391948-40392023	171	76	1569	73	-0.247
"NME4"	NME4_406685-406777_406345-406397_407424-407560	32	82	33	482	0.319
"MOK"	MOK_102251756-102251804_102250811-102250987_102251916-102251995	41	23	80	8	-0.353
"TTC8"	TTC8_88841425-88841514_88841036-88841196_88843805-88843850	176	16	377	170	0.218
"KIAA0586"	KIAA0586_58472199-58472279_58470612-58470723_58474606-58474797	69	36	476	49	-0.303
"PPP2R3C"	PPP2R3C_35096709-35096764_35096557-35096633_35099251-35099384	103	25	551	4	-0.257
"PPP2R3C"	PPP2R3C_35116610-35116737_35109922-35110629_35121901-35121965	194	357	1103	694	-0.202
"TPM1"	TPM1_63065896-63066085_63062575-63062645_63069869-63070314	37	31	273	11	-0.481
"ADSL"	ADSL_40353073-40353117_40349831-40350035_40358863-40359035	62	33	379	13	-0.27
"ACOT9"	ACOT9_23734341-23734367_23733171-23733217_23735918-23736016	104	214	1004	283	-0.384
"TDG"	TDG_103983136-103983218_103982798-103982934_103983294-103983389	82	49	927	16	-0.234
"BCAT2"	BCAT2_48807756-48808236_48806999-48807074_48810808-48810921	54	11	37	47	0.493
"C20orf194"	C20orf194_3290129-3290217_3287631-3287790_3294138-3294256	483	64	431	12	-0.246
"CD27-AS1"	CD27-AS1_6450474-6450708_6448639-6448737_6450892-6450980	61	104	17	201	0.385
"AP003071.5"	AP003071.5_69079834-69079883_69078891-69079020_69081399-69081499	19	115	70	62	-0.369
"SAC3D1"	SAC3D1_65041286-65041866_65040900-65041106_65044224-65044799	59	20	312	20	-0.322
"TMX3"	TMX3_68700405-68700485_68697930-68698031_68710020-68710144	64	55	563	18	-0.454
"TMX3"	TMX3_68701745-68701790_68697931-68698031_68710020-68710144	58	55	261	18	-0.469
"LRRC23"	LRRC23_6909890-6910026_6906408-6906662_6913890-6914228	89	1	58	29	0.27
"MYOM1"	MYOM1_3129232-3129519_3126700-3126897_3131374-3131496	519	1	81	39	0.393
"PTPRE"	PTPRE_128056123-128056213_128049529-128049666_128060938-128061015	341	157	216	21	-0.324
"ABLIM1"	ABLIM1_114447880-114448020_114445311-114445403_114451623-114451671	1440	2140	1052	169	-0.424
"ABLIM1"	ABLIM1_114447880-114448026_114445311-114445403_114451623-114451671	1117	2140	636	169	-0.386
"GSTO2"	GSTO2_104279370-104279471_104277893-104278116_104299127-104304945	165	21	115	2	-0.206
"GCFC2"	GCFC2_75691977-75692100_75690487-75690719_75694240-75694427	32	25	381	19	-0.53
"FAM47E-STBD1"	FAM47E-STBD1_76278069-76278224_76271567-76271768_76289901-76290060	174	41	174	0	-0.364
"ANK1"	ANK1_41661430-41661564_41653224-41655753_41661875-41661941	60	3	61	61	0.542
"ANK1"	ANK1_41672516-41672912_41672353-41672426_41684543-41684690	47	5	325	420	0.58
"ABHD6"	ABHD6_58249878-58249942_58237791-58237916_58256561-58256705	182	727	226	258	-0.289
"PDE4DIP"	PDE4DIP_148866411-148866532_148863249-148863305_148868470-148868622	283	44	54	212	0.475
"PDE4DIP"	PDE4DIP_148866414-148866505_148863249-148863305_148868470-148868618	86	44	18	212	0.389
"PDE4DIP"	PDE4DIP_148866414-148866532_148863249-148863305_148868470-148868609	316	44	48	212	0.529
"ENTPD3-AS1"	ENTPD3-AS1_40451705-40451782_40444932-40446847_40453121-40453174	93	30	308	16	-0.226
"TBCE"	TBCE_235435745-235435840_235434154-235434280_235437321-235437387	96	31	378	20	-0.313
"TBCE"	TBCE_235435745-235436608_235433350-235434280_235437321-235437474	226	31	857	20	-0.228
"HSPE1-MOB4"	HSPE1-MOB4_197523624-197523686_197501073-197501238_197535529-197535630	290	121	692	52	-0.352
"CLASP2"	CLASP2_33559125-33559175_33551251-33551395_33559306-33559385	58	736	221	449	-0.281
"TTC38"	TTC38_46269142-46269289_46268513-46268591_46272334-46272416	202	220	135	1084	0.258
"CCNYL1"	CCNYL1_207733947-207734047_207726841-207726876_207737410-207737446	130	117	1011	161	-0.252
"FDPS"	FDPS_155319857-155319928_155319610-155319688_155320408-155320665	618	151	4465	75	-0.314
"TPM3"	TPM3_154172029-154172104_154171412-154171488_154172907-154172978	770	1120	3996	340	-0.424
"UBE3C"	UBE3C_157169048-157169122_157163809-157163863_157170303-157170450	559	181	1955	152	-0.243
"KIZ"	KIZ_21132097-21132159_21126006-21126204_21161870-21162507	637	222	400	42	-0.274
"KIZ"	KIZ_21145565-21145654_21125982-21126204_21161870-21162507	643	222	397	42	-0.288
"ACTN4"	ACTN4_38710257-38710342_38709394-38709476_38711275-38711361	661	751	11518	1472	-0.255
"KHDRBS3"	KHDRBS3_135645059-135645117_135581877-135582073_135646992-135647142	555	328	732	52	-0.248
"ACLY"	ACLY_41896620-41896649_41893032-41893174_41898630-41898785	163	201	904	111	-0.396
"KYAT3"	KYAT3_88961167-88961287_88955148-88955225_88961380-88961506	81	28	1153	1	-0.297
"KYAT3"	KYAT3_88964556-88964712_88962058-88962145_88964828-88964978	42	57	23	575	0.353
"KYAT3"	KYAT3_88988252-88988351_88968669-88968814_88992584-88992629	217	30	338	7	-0.205
"ASL"	ASL_66086585-66086662_66083076-66083174_66088806-66088921	79	32	320	10	-0.399
"ASL"	ASL_66086744-66087791_66083076-66083174_66088806-66088921	107	32	374	10	-0.401
"ASL"	ASL_66087729-66087791_66083076-66083174_66088806-66088921	97	32	341	10	-0.434
"FSD1L"	FSD1L_105513599-105513631_105512806-105512936_105534492-105534593	500	109	44	117	0.368
"C8orf58"	C8orf58_22602537-22602643_22602199-22602312_22603194-22603288	120	102	622	169	-0.225
"ECHDC2"	ECHDC2_52905034-52905090_52904645-52904833_52907867-52907954	260	209	249	53	-0.384
"ECHDC2"	ECHDC2_52905034-52906611_52904645-52904833_52907867-52907954	308	209	243	53	-0.449
"AC079781.5"	AC079781.5_97869778-97869813_97868907-97869179_97872350-97872449	295	175	1619	27	-0.275
"ADAM15"	ADAM15_155061418-155061489_155060204-155060343_155062244-155062369	131	2	210	57	0.229
"ADAM15"	ADAM15_155061904-155062117_155060204-155060343_155062244-155062369	60	2	40	57	0.366
"ADAM15"	ADAM15_155061904-155062117_155060762-155060832_155062244-155062369	72	201	63	1585	0.244
"PRKAA1"	PRKAA1_40769416-40769503_40767465-40767690_40771718-40771855	411	104	1609	32	-0.228
"TMEM14B"	TMEM14B_10749202-10749268_10747758-10747881_10770076-10770204	196	124	820	84	-0.369
"TMEM14B"	TMEM14B_10755142-10755232_10747758-10747881_10770076-10770204	12	124	43	84	-0.222
"MAP7D3"	MAP7D3_136220765-136220963_136219592-136219671_136222392-136222486	202	23	1327	25	-0.226
"RBM3"	RBM3_48575815-48576083_48575167-48575283_48576313-48576419	547	1	267	52	0.246
"RBM3"	RBM3_48575815-48576083_48575560-48575667_48576313-48576419	879	321	495	7275	0.394
"RBM3"	RBM3_48575922-48576083_48575560-48575667_48576313-48576419	484	321	267	7275	0.314
"UBXN11"	UBXN11_26300926-26301024_26285822-26286037_26301693-26301722	16	48	39	14	-0.323
"ANKDD1A"	ANKDD1A_64950954-64951233_64949840-64949972_64957102-64958691	402	12	255	74	0.246
"VPS4B"	VPS4B_63407432-63407499_63403706-63403826_63410289-63410446	350	152	1290	81	-0.235
"CTPS1"	CTPS1_41007449-41007545_41006050-41006094_41008658-41008714	242	93	5020	130	-0.274
"FBXL12"	FBXL12_9813231-9813274_9810266-9811717_9818544-9818617	0	147	113	328	-0.22
"DCAF6"	DCAF6_168019545-168019667_168004532-168004793_168022987-168024050	97	37	121	189	0.406
"DCAF6"	DCAF6_168022988-168023047_168004532-168004793_168043024-168043140	35	95	111	78	-0.45
"CLCN6"	CLCN6_11828458-11828624_11828105-11828219_11829195-11829322	1055	17	599	42	0.202
"LGMN"	LGMN_92704640-92704707_92703808-92704361_92709671-92709872	236	129	1318	92	-0.309
"LGMN"	LGMN_92706483-92706653_92703808-92704361_92709671-92709872	487	129	2067	92	-0.223
"LGMN"	LGMN_92718774-92718844_92717379-92717461_92732648-92732815	314	54	1174	15	-0.201
"FAM189B"	FAM189B_155253859-155253978_155252748-155253732_155254652-155254968	102	208	619	540	-0.208
"NLRP1"	NLRP1_5521524-5521786_5517745-5517887_5530480-5530704	72	14	159	4	-0.207
"TXNRD1"	TXNRD1_104288931-104289040_104286880-104287346_104311289-104311412	1213	291	5986	301	-0.204
"DYRK3"	DYRK3_206637650-206637761_206635535-206635780_206647387-206647989	1049	664	558	25	-0.348
"COPA"	COPA_160325543-160325568_160323430-160323530_160332447-160332546	261	54	691	12	-0.218
"TTC27"	TTC27_32678856-32678922_32672271-32672384_32702806-32702920	99	28	560	8	-0.37
"PMM2"	PMM2_8804767-8804843_8801798-8801910_8806315-8806407	127	71	890	63	-0.401
"RAPGEF1"	RAPGEF1_131603961-131604053_131602060-131602149_131604930-131605188	22	872	29	206	-0.336
"RAPGEF1"	RAPGEF1_131604931-131605188_131602113-131602149_131619050-131619209	1428	428	329	174	0.314
"RAPGEF1"	RAPGEF1_131619051-131619209_131603960-131604053_131621795-131621998	435	8	128	26	0.372
"TIA1"	TIA1_70228344-70228462_70227734-70227822_70229058-70229091	71	88	92	470	0.212
"ARHGAP39"	ARHGAP39_144537721-144537813_144534128-144534202_144545248-144545810	536	147	472	28	-0.291
"DMD"	DMD_31126642-31126673_31119227-31121930_31134101-31134194	607	183	188	293	0.224
"TRAK2"	TRAK2_201401018-201401094_201399376-201399493_201407402-201407597	2744	624	1636	108	-0.221
"NCAPD3"	NCAPD3_134153140-134153200_134150118-134150583_134153288-134153363	55	14	332	5	-0.332
"AC090114.3"	AC090114.3_128609487-128609579_128591849-128592017_128615859-128615970	614	337	484	127	-0.239
"TPM2"	TPM2_35684732-35684807_35684487-35684550_35685063-35685139	952	228	1161	21099	0.365
"TPM2"	TPM2_35685064-35685139_35684731-35684807_35685268-35685339	489	1031	15105	1109	-0.333
"PDIA5"	PDIA5_123124066-123124157_123116230-123116298_123124271-123124343	252	40	1255	17	-0.253
"PDIA5"	PDIA5_123130480-123130616_123124271-123124343_123145521-123145592	212	122	1595	54	-0.295
"PDLIM7"	PDLIM7_177491807-177491976_177491009-177491146_177492404-177492435	287	37	6891	58	-0.258
"REXO2"	REXO2_114443856-114443933_114440655-114440739_114449845-114450039	399	43	1689	21	-0.274
"OGFRL1"	OGFRL1_71296495-71296561_71293529-71293611_71296671-71296817	346	132	182	5	-0.366
"DPP9"	DPP9_4700216-4700273_4697550-4697651_4702026-4702155	186	36	421	23	-0.213
"UST"	UST_148953872-148953951_148941278-148941434_148964409-148964563	502	134	930	52	-0.2
"RMND1"	RMND1_151422541-151422605_151421244-151421321_151423524-151423631	58	18	439	1	-0.252
"SYNE1"	SYNE1_152130720-152130778_152121683-152122676_152132121-152132214	824	959	1102	205	-0.329
"SYNE1"	SYNE1_152300641-152300781_152293959-152294127_152301868-152302063	2527	567	1488	166	-0.228
"DGKB"	DGKB_14607434-14607508_14583051-14583137_14613339-14613413	478	60	93	0	-0.231
"SUMF2"	SUMF2_56074174-56074218_56072996-56073111_56076833-56076889	344	62	817	40	-0.207
"GTF2H3"	GTF2H3_123654924-123654998_123652706-123652735_123659429-123659475	99	39	294	13	-0.326
"LINC00963"	LINC00963_129502397-129502519_129493418-129493595_129503322-129503622	363	249	75	280	0.271
"LINC00963"	LINC00963_129502397-129503139_129488783-129489299_129503322-129503672	513	16	118	41	0.34
"LINC00963"	LINC00963_129502397-129503139_129493418-129493595_129503322-129503672	908	249	196	280	0.327
"LINC00963"	LINC00963_129502397-129503139_129496922-129497073_129503322-129503672	533	7	120	15	0.203
"LINC00963"	LINC00963_129502910-129503139_129493418-129493595_129503322-129503672	505	249	114	280	0.273
"LINC00963"	LINC00963_129502910-129503139_129496994-129497073_129503322-129503672	504	7	114	15	0.209
"PMPCB"	PMPCB_103307596-103307708_103304410-103304490_103308951-103309095	543	116	2080	103	-0.253
"PUS7"	PUS7_105472132-105472193_105470687-105470848_105481051-105481177	141	21	568	4	-0.217
"ASPH"	ASPH_61643945-61644001_61643385-61643433_61644599-61644632	1351	691	4296	644	-0.322
"PDE8A"	PDE8A_85075862-85075918_85067013-85067204_85083555-85083644	238	482	225	148	-0.364
"SP100"	SP100_230417591-230417665_230415941-230416328_230442936-230443099	328	151	2159	225	-0.354
"SP100"	SP100_230449088-230449150_230446818-230446902_230449313-230449380	253	32	499	2	-0.286
"SP100"	SP100_230464067-230464150_230462434-230462518_230466300-230466354	522	77	2236	43	-0.25
