Sample	Total	AS_neg	AS_pos	AS_total	SI	Histology
BS_014EVM2D	9546	48	45	93	0.00974230043997486	LGAT
BS_02NZT8CE	9133	49	43	92	0.0100733603416183	LGAT
BS_03FT4S8B	18935	176	271	447	0.0236070768418273	Craniopharyngioma
BS_044XZ8ST	14444	55	55	110	0.0076156189421213	LGAT
BS_052PZFMK	6260	199	327	526	0.0840255591054313	HGAT
BS_063ERW0R	11171	63	37	100	0.00895175006713813	LGAT
BS_06AMMCXR	13178	64	44	108	0.0081954773106693	LGAT
BS_07ANYSYQ	10497	195	113	308	0.0293417166809565	Ependymoma
BS_09Z7TC35	13360	294	287	581	0.0434880239520958	Medulloblastoma
BS_0BXY0F9N	8676	92	248	340	0.0391885661595205	Ependymoma
BS_0C7VZC0A	14044	322	112	434	0.0309028766733124	HGAT
BS_0J9SHHSC	16604	48	92	140	0.00843170320404722	LGAT
BS_0QYS36NR	7836	105	138	243	0.031010719754977	Ependymoma
BS_0RQ4P069	8022	244	213	457	0.0569683370730491	HGAT
BS_0SCXXM6N	8996	40	38	78	0.00867052023121387	LGAT
BS_0T17SY47	14142	212	269	481	0.0340121623532739	LGAT
BS_0VXZCRJS	8070	110	119	229	0.0283767038413879	HGAT
BS_0WQJP6ZG	3548	70	192	262	0.0738444193912063	Ependymoma
BS_0WVJYM9R	13211	49	112	161	0.0121868140186208	LGAT
BS_0X9EGHY2	6276	165	172	337	0.0536966220522626	LGAT
BS_0XEG6SNV	12012	145	307	452	0.0376290376290376	Ependymoma
BS_0Y66ZBWE	11952	144	104	248	0.0207496653279786	LGAT
BS_0ZA67BBC	7879	109	158	267	0.0338875491813682	HGAT
BS_13CGKADW	12527	48	82	130	0.0103775844176579	LGAT
BS_15ETQ0E4	7791	187	116	303	0.0388910281093569	ATRT
BS_17WYVEEC	7938	60	51	111	0.0139833711262283	LGAT
BS_196BBNEJ	10058	191	78	269	0.026744879697753	Ependymoma
BS_1A6MQ9ZA	5839	90	79	169	0.028943312210995	HGAT
BS_1AYRM596	10379	329	289	618	0.0595433086039117	Medulloblastoma
BS_1BWP5MCT	11052	557	407	964	0.087224031849439	Medulloblastoma
BS_1D6PZNKN	10995	452	122	574	0.0522055479763529	HGAT
BS_1EBQ3T20	10765	215	454	669	0.0621458430097538	HGAT
BS_1EN5V3XW	12045	92	69	161	0.0133665421336654	HGAT
BS_1G3WYEN3	12865	77	75	152	0.0118150019432569	LGAT
BS_1HFK0SXV	8613	115	120	235	0.0272843376291652	Craniopharyngioma
BS_1J2WQ08M	12656	70	84	154	0.0121681415929204	Ependymoma
BS_1JDG6JV5	14161	180	95	275	0.0194195325188899	LGAT
BS_1KYGSMA7	10633	32	30	62	0.00583090379008746	LGAT
BS_1N7MQZGR	9252	47	203	250	0.0270211846087332	HGAT
BS_1NPD7PVG	11281	90	38	128	0.0113465118340573	Ganglioglioma
BS_1QNTEZPS	12652	157	116	273	0.0215776161871641	ATRT
BS_1QXEC43H	13290	417	229	646	0.0486079759217457	Medulloblastoma
BS_1RXZ3BP7	10310	60	61	121	0.0117361784675073	LGAT
BS_1TPWFSK6	7375	53	74	127	0.0172203389830508	LGAT
BS_1TWCV047	8336	237	306	543	0.0651391554702495	Medulloblastoma
BS_1ZVXF5FE	7959	110	76	186	0.023369770071617	LGAT
BS_21ET39G7	14613	86	309	395	0.0270307260658318	HGAT
BS_21RE8W46	10068	129	228	357	0.0354588796185936	LGAT
BS_23QW0BBA	11148	143	95	238	0.0213491209185504	HGAT
BS_23W9EPFE	7012	627	446	1073	0.153023388476897	Ganglioglioma
BS_24AHZ9ZW	13994	43	37	80	0.00571673574389024	LGAT
BS_258RRGDM	10662	53	88	141	0.0132245357343838	LGAT
BS_25T139TX	8496	144	150	294	0.0346045197740113	LGAT
BS_27QE6BV7	10511	198	132	330	0.031395680715441	Ganglioglioma
BS_29X4ZX6Q	10929	182	142	324	0.0296458962393632	HGAT
BS_2A162JH9	14716	631	474	1105	0.0750883392226148	HGAT
BS_2A5R9MEJ	13294	188	116	304	0.022867459004062	HGAT
BS_2ADZNNV4	10472	49	33	82	0.00783040488922842	LGAT
BS_2AR3AP0N	11789	82	75	157	0.0133174993638137	Ganglioglioma
BS_2EMW8ZG3	9131	118	91	209	0.0228890592487132	LGAT
BS_2EN3X6HB	4250	91	103	194	0.0456470588235294	HGAT
BS_2JP7RBMB	11119	180	245	425	0.0382228617681446	HGAT
BS_2KJ2YAZR	11960	54	35	89	0.00744147157190635	LGAT
BS_2R9TCR03	8933	156	149	305	0.0341430650397403	LGAT
BS_2SFTWNVE	16284	192	206	398	0.0244411692458855	Medulloblastoma
BS_2WPQ8YCW	6861	95	72	167	0.0243404751493951	LGAT
BS_2YCJV2VV	10922	54	33	87	0.00796557407068302	LGAT
BS_2Z1MKS84	13631	167	211	378	0.0277309074902795	Medulloblastoma
BS_30VC3R2Q	11882	127	30	157	0.0132132637603097	HGAT
BS_31TF0P1N	5627	535	328	863	0.153367691487471	ATRT
BS_34201DKZ	13142	117	255	372	0.0283061938822097	Ependymoma
BS_399RPKC9	10559	82	60	142	0.0134482432048489	HGAT
BS_3AC3SRWH	1835	238	215	453	0.246866485013624	HGAT
BS_3BDAG9YN	3407	94	216	310	0.0909891400058703	Medulloblastoma
BS_3F4FQJMR	4443	86	403	489	0.110060769750169	Ependymoma
BS_3F5PR9GS	8892	281	138	419	0.0471210076473234	Medulloblastoma
BS_3G3KWY18	11499	69	28	97	0.00843551613183755	LGAT
BS_3H71BH6Q	10777	55	65	120	0.0111348241625684	Ganglioglioma
BS_3MS8WVNR	13026	79	97	176	0.0135114386611393	HGAT
BS_3MYEMXPQ	11124	503	304	807	0.0725458468176915	Medulloblastoma
BS_3NWQXPQV	10558	603	327	930	0.0880848645576814	Medulloblastoma
BS_3P20Q2C3	13073	156	128	284	0.021724164308116	LGAT
BS_3PYESPHA	9895	127	165	292	0.0295098534613441	Ganglioglioma
BS_3Q0GTSYH	8969	68	68	136	0.0151633403946928	LGAT
BS_3TQSE8HF	12197	104	264	368	0.0301713536115438	LGAT
BS_3V3KE3VT	10840	319	238	557	0.0513837638376384	Medulloblastoma
BS_3W07B2TG	12536	113	67	180	0.0143586470963625	LGAT
BS_3X9WMZGJ	8957	100	168	268	0.0299207323880764	Ependymoma
BS_3XY76V8T	11929	71	53	124	0.0103948361136726	Ganglioglioma
BS_401R3KV0	10093	35	19	54	0.0053502427424948	LGAT
BS_40MP5BWR	12414	252	216	468	0.0376993716771387	HGAT
BS_42DY6WS7	11775	68	43	111	0.00942675159235669	LGAT
BS_42Y3YANN	13010	49	27	76	0.00584166026133743	LGAT
BS_44A3ES23	7240	632	267	899	0.124171270718232	Medulloblastoma
BS_45J79YTF	8837	220	163	383	0.0433405001697409	HGAT
BS_470DYRJQ	12570	32	58	90	0.00715990453460621	LGAT
BS_478TN841	10914	97	63	160	0.0146600696353308	Ganglioglioma
BS_47SJZ3PH	7734	64	65	129	0.0166795965865012	LGAT
BS_49852ZBH	15799	35	42	77	0.00487372618520159	LGAT
BS_49BQS7Z6	13360	68	125	193	0.0144461077844311	HGAT
BS_49CJNZ06	14423	681	575	1256	0.0870831311100326	HGAT
BS_49FQXT2E	12998	318	111	429	0.0330050777042622	HGAT
BS_4A45GGSW	11211	65	24	89	0.00793863170100794	LGAT
BS_4B0BAVTX	11973	100	92	192	0.016036081182661	HGAT
BS_4BWB0FA0	9435	250	198	448	0.0474827768945416	LGAT
BS_4C4MZ4NT	10005	87	26	113	0.0112943528235882	LGAT
BS_4CP4T22V	8431	325	216	541	0.064167951607164	Medulloblastoma
BS_4D9DD103	14459	138	244	382	0.0264195310879037	Medulloblastoma
BS_4E1G7E3G	11272	824	853	1677	0.148775727466288	ATRT
BS_4EN8D8Y4	9794	133	172	305	0.031141515213396	LGAT
BS_4FZS7TX4	6580	62	124	186	0.0282674772036474	Ependymoma
BS_4GTESTSE	12704	97	120	217	0.017081234256927	Ganglioglioma
BS_4HQ3T2NC	11164	31	20	51	0.00456825510569688	LGAT
BS_4NF35AF6	12516	139	42	181	0.0144614892937041	LGAT
BS_4NWHYH53	5489	169	255	424	0.0772453998906905	Ependymoma
BS_4PH1MBGR	15258	161	228	389	0.0254948223882553	Medulloblastoma
BS_4PPHAQXF	8150	61	161	222	0.027239263803681	HGAT
BS_4PWDGEB0	6807	202	143	345	0.0506831203173204	HGAT
BS_4QW2S1Q8	12784	125	89	214	0.0167396745932416	HGAT
BS_4SCWT0FX	8957	175	71	246	0.027464552863682	Ependymoma
BS_4T0HPZDC	10520	153	145	298	0.0283269961977186	Ependymoma
BS_4W68NV3M	10883	404	343	747	0.0686391619957732	Medulloblastoma
BS_4Y6BCYK5	11657	77	67	144	0.0123530925624089	LGAT
BS_4Z2F4P9N	13858	59	31	90	0.00649444364266128	LGAT
BS_51RA1PGE	13093	89	213	302	0.0230657603299473	HGAT
BS_52426AMF	11842	21	39	60	0.00506671170410404	LGAT
BS_52C576HH	12403	92	113	205	0.0165282592921067	HGAT
BS_52DAPP1Y	8022	59	56	115	0.0143355771628023	LGAT
BS_52MPKTJH	10502	367	440	807	0.0768425061892973	HGAT
BS_53GQKVEX	10867	87	35	122	0.0112266494892795	LGAT
BS_53M8PP88	10592	50	146	196	0.0185045317220544	Ependymoma
BS_55JW3HFM	16079	56	63	119	0.00740095777100566	Ganglioglioma
BS_55P8HPYD	8747	110	48	158	0.0180633360009146	LGAT
BS_58YXHGAJ	7592	110	133	243	0.0320073761854584	HGAT
BS_593HEWBF	9619	84	23	107	0.0111238174446408	Ganglioglioma
BS_5965SFPZ	11634	81	105	186	0.0159876224858174	HGAT
BS_59ZJWJTF	11482	224	234	458	0.0398885211635604	HGAT
BS_5CMGN56B	10786	50	30	80	0.00741702206564065	LGAT
BS_5CTVXVRX	5204	127	255	382	0.0734050730207533	HGAT
BS_5GNQC2FF	8200	265	266	531	0.0647560975609756	HGAT
BS_5JM573JC	10718	580	408	988	0.0921813771225975	Ganglioglioma
BS_5K3R0F5D	10976	123	77	200	0.0182215743440233	Ganglioglioma
BS_5NWDARXG	10770	48	54	102	0.00947075208913649	LGAT
BS_5P1TN10Z	7266	235	288	523	0.0719790806496009	HGAT
BS_5PJCHF6V	10191	314	311	625	0.0613286232950643	Medulloblastoma
BS_5PV5N4HQ	10877	33	27	60	0.00551622690079985	LGAT
BS_5VPM0F36	8045	65	193	258	0.0320696084524549	HGAT
BS_5VQP0E6K	10737	194	227	421	0.0392102076930241	Medulloblastoma
BS_5YJEPPTP	10007	31	33	64	0.00639552313380634	LGAT
BS_61E80SD6	13285	469	422	891	0.0670681219420399	Medulloblastoma
BS_66ABA973	8215	63	49	112	0.0136335970785149	LGAT
BS_66HQ3E4Z	11572	50	43	93	0.00803664016591773	LGAT
BS_67Z63A2K	10950	67	192	259	0.0236529680365297	Ependymoma
BS_680K119G	11172	73	59	132	0.0118152524167562	Ganglioglioma
BS_68BW2163	8661	103	101	204	0.0235538621406304	LGAT
BS_68KX6A42	16606	82	352	434	0.0261351318800434	HGAT
BS_699TN5RN	10339	88	107	195	0.0188606248186478	Ganglioglioma
BS_6DCSD5Y6	11770	2990	589	3579	0.304078164825828	HGAT
BS_6G6C7VPX	12738	329	194	523	0.0410582509028105	ATRT
BS_6H1C1ME9	11007	168	117	285	0.0258926137912238	Ependymoma
BS_6M2053M0	3896	62	99	161	0.0413244353182752	HGAT
BS_6MZ7FRZH	12642	107	117	224	0.017718715393134	Ependymoma
BS_6N3AFF66	6351	68	66	134	0.0210990395213352	LGAT
BS_6NTXGQAC	7912	133	199	332	0.0419615773508595	Ganglioglioma
BS_6P50QTPP	9048	34	45	79	0.00873121131741821	LGAT
BS_6VF6VPCG	7703	186	87	273	0.0354407373750487	LGAT
BS_6VPKXXMR	4370	80	216	296	0.0677345537757437	HGAT
BS_6WP1FHTE	11234	325	71	396	0.035250133523233	HGAT
BS_7327SDAQ	13582	89	68	157	0.0115594168752761	HGAT
BS_74FS6GMW	12289	168	195	363	0.0295386117666206	ATRT
BS_74G5K7JF	5100	89	165	254	0.0498039215686275	Ependymoma
BS_769BDPDB	9576	107	125	232	0.0242272347535505	LGAT
BS_77317DY4	9262	296	699	995	0.107428201252429	Medulloblastoma
BS_775HDFNY	12280	49	38	87	0.00708469055374593	LGAT
BS_77CDMEY4	11824	89	33	122	0.0103179972936401	Ganglioglioma
BS_78QX3XDF	7496	137	121	258	0.0344183564567769	Craniopharyngioma
BS_7B89YR6K	11776	1859	535	2394	0.203294836956522	Ependymoma
BS_7BTZQKYY	20209	93	638	731	0.036172002573111	Ependymoma
BS_7C40TRCY	11584	348	149	497	0.0429040055248619	Medulloblastoma
BS_7FWZ518S	13405	228	195	423	0.0315553897799329	Medulloblastoma
BS_7G42J2SK	9268	304	240	544	0.0586965904186448	Ependymoma
BS_7GJT4A6A	11179	2101	537	2638	0.235978173360766	HGAT
BS_7H4RFCW9	8785	80	97	177	0.0201479795105293	LGAT
BS_7N0B2CY1	8860	195	205	400	0.0451467268623025	Ganglioglioma
BS_7P83Z28P	11267	38	49	87	0.00772166503949587	LGAT
BS_7T1J3KET	8098	77	49	126	0.0155593973820696	Craniopharyngioma
BS_7WM3MNZ0	6914	119	284	403	0.0582875325426671	HGAT
BS_7XQRH69M	10039	157	110	267	0.0265962745293356	Medulloblastoma
BS_7XRN3CFX	12369	47	43	90	0.00727625515401407	LGAT
BS_7Z93ZYMS	12241	43	43	86	0.00702556980638837	LGAT
BS_81SP2HX4	12571	587	280	867	0.0689682602816005	Medulloblastoma
BS_84XCR9GG	12368	456	278	734	0.059346701164295	HGAT
BS_850BAHH9	8243	109	123	232	0.0281450928060172	ATRT
BS_86Q14TZG	13298	54	67	121	0.00909911264851857	Craniopharyngioma
BS_8D0NYM46	11164	128	149	277	0.0248118953780007	Craniopharyngioma
BS_8GW1TMV2	3935	120	163	283	0.0719186785260483	Medulloblastoma
BS_8J3B6ZB6	10734	40	26	66	0.00614868641699273	LGAT
BS_8MA5B8Y9	5429	743	436	1179	0.217167065757966	HGAT
BS_8PNA0V6R	12329	438	184	622	0.0504501581636791	HGAT
BS_8RCR7Y4B	12824	182	102	284	0.0221459762944479	LGAT
BS_8RHPJ740	11525	254	242	496	0.0430368763557484	Ependymoma
BS_8SKZ7BRN	12451	721	152	873	0.0701148502128343	LGAT
BS_8T7DZV2F	3217	98	260	358	0.111283804787069	Medulloblastoma
BS_8VAZSJEN	7984	52	28	80	0.0100200400801603	LGAT
BS_8Z3SCKB5	10927	85	144	229	0.0209572618284982	LGAT
BS_8ZD6J47V	11864	165	269	434	0.0365812542144302	HGAT
BS_8ZP3CBQA	15551	34	109	143	0.00919555012539387	Ependymoma
BS_8ZS9F31R	3731	169	173	342	0.0916644331278478	HGAT
BS_8ZY4GST0	6435	50	232	282	0.0438228438228438	HGAT
BS_90B22NGP	10996	794	1071	1865	0.169607129865406	ATRT
BS_912NX4Y0	11302	197	161	358	0.0316758095912228	Ganglioglioma
BS_91VYM11A	10148	92	165	257	0.0253251872290106	HGAT
BS_92VDQ0NE	15809	84	206	290	0.0183439812764881	Ganglioglioma
BS_94MT16N2	6725	155	150	305	0.0453531598513011	LGAT
BS_9755PSCS	6722	152	98	250	0.0371913121094912	LGAT
BS_97M1E2DW	7017	627	159	786	0.112013681060282	HGAT
BS_983Z6CA6	9214	1463	599	2062	0.223789884957673	ATRT
BS_996ZS2A4	11353	230	159	389	0.0342640711706157	ATRT
BS_99B1XRZQ	6161	155	186	341	0.0553481577665963	Ependymoma
BS_9BJARSX3	12290	106	88	194	0.0157851912123678	LGAT
BS_9CA93S6D	9466	2850	405	3255	0.343862243819987	HGAT
BS_9DFBHHB5	11315	59	14	73	0.00645161290322581	LGAT
BS_9DZ253JY	3381	429	425	854	0.252587991718426	LGAT
BS_9F09XV62	7573	220	230	450	0.0594216294731282	LGAT
BS_9FHSNVS0	10804	491	600	1091	0.100981118104406	ATRT
BS_9HSGV9TJ	10123	229	152	381	0.0376370641114294	LGAT
BS_9M5XJ10G	12902	360	380	740	0.0573554487676329	Medulloblastoma
BS_9NJHQE9F	8333	272	324	596	0.0715228609144366	Medulloblastoma
BS_9NZ2D6AD	10717	446	244	690	0.0643836894653354	Medulloblastoma
BS_9P9MB8X8	8715	61	45	106	0.0121629374641423	LGAT
BS_9PB3XH5D	12350	178	185	363	0.0293927125506073	Medulloblastoma
BS_9Q6Z6VJC	11038	84	28	112	0.0101467657184273	LGAT
BS_9RT63JD9	10447	62	51	113	0.0108165023451709	LGAT
BS_9SJWWYQ4	7344	68	39	107	0.0145697167755991	LGAT
BS_9V633J1X	13476	231	307	538	0.0399228257643218	Medulloblastoma
BS_9XVACXP0	10852	128	68	196	0.0180611868779948	HGAT
BS_A0DYVX9J	4432	377	159	536	0.120938628158845	HGAT
BS_A13BMEF5	9294	37	31	68	0.00731654831073811	LGAT
BS_A14Z8BBK	10626	367	245	612	0.0575945793337098	Medulloblastoma
BS_A1VEGWTR	11449	37	46	83	0.00724954144466766	LGAT
BS_A46RDWGM	9866	66	53	119	0.012061625785526	LGAT
BS_A7MC2KR2	11266	49	64	113	0.0100301793005503	Craniopharyngioma
BS_A7Q8G0Y1	3593	326	102	428	0.119120512106874	HGAT
BS_A87NPZAP	8044	809	503	1312	0.163102933863749	Medulloblastoma
BS_ABYF92Z9	9292	177	89	266	0.0286267757210504	Craniopharyngioma
BS_AD4JPN9Q	12723	68	36	104	0.00817417275799733	Ganglioglioma
BS_AG3D3435	9876	53	106	159	0.0160996354799514	LGAT
BS_AGTPCRR4	9469	61	84	145	0.0153131270461506	Ependymoma
BS_AHEFXG7W	9659	226	243	469	0.0485557511129516	Medulloblastoma
BS_AKRHBPNZ	9549	94	122	216	0.0226201696512724	Ganglioglioma
BS_AM70R8RG	15848	517	177	694	0.0437910146390712	Medulloblastoma
BS_AMZ70B6F	11636	236	148	384	0.0330010312822276	Medulloblastoma
BS_AP0SZ364	11472	37	34	71	0.00618898186889819	LGAT
BS_ARBQDTT5	8201	64	45	109	0.0132910620656018	LGAT
BS_AVYNZHSB	8004	116	113	229	0.0286106946526737	LGAT
BS_AWH9757B	13287	94	112	206	0.0155038759689922	HGAT
BS_B0SVFK4P	9279	276	345	621	0.066925315227934	LGAT
BS_B1C6GZ84	12048	320	105	425	0.0352755644090305	HGAT
BS_B1HVNV0T	12770	396	405	801	0.0627251370399374	ATRT
BS_B3M5SGPA	11385	100	105	205	0.018006148440931	LGAT
BS_B53Z0T1Q	8157	138	276	414	0.0507539536594336	Craniopharyngioma
BS_B6M763JS	8808	130	103	233	0.0264532243415077	LGAT
BS_B7GEH89C	4585	101	66	167	0.036423118865867	LGAT
BS_B7X8VXQ3	8105	58	57	115	0.014188772362739	Ganglioglioma
BS_BA6AZWB3	10498	94	195	289	0.0275290531529815	Medulloblastoma
BS_BC936YNZ	7390	40	88	128	0.0173207036535859	LGAT
BS_BHR08WGW	9644	85	93	178	0.0184570717544587	Craniopharyngioma
BS_BJDNWMJH	9666	188	201	389	0.0402441547692944	Ependymoma
BS_BKQZ550R	11337	40	18	58	0.00511599188497839	LGAT
BS_BMMY0H73	8704	78	236	314	0.0360753676470588	HGAT
BS_BN986DF6	8975	94	38	132	0.0147075208913649	LGAT
BS_BPSTSCBJ	11641	73	63	136	0.0116828451163989	LGAT
BS_BPWEFR89	11699	230	214	444	0.0379519617061287	Medulloblastoma
BS_BSV07M7Z	14093	296	266	562	0.0398779535939828	Medulloblastoma
BS_BVSW4GTG	8425	187	88	275	0.0326409495548961	Medulloblastoma
BS_BWBDH9GM	14282	655	465	1120	0.0784203893012183	HGAT
BS_BYCX6VK1	8635	96	146	242	0.0280254777070064	HGAT
BS_C05FKR8X	9451	215	212	427	0.0451804041900328	Ependymoma
BS_C0XFDP38	10522	217	225	442	0.0420072229614142	Craniopharyngioma
BS_C3P5BC92	6007	440	268	708	0.117862493757283	Craniopharyngioma
BS_C41DJZ1F	7284	251	112	363	0.049835255354201	HGAT
BS_C51RB0YR	13281	345	104	449	0.0338076952036744	LGAT
BS_C6SKJG3N	10929	44	32	76	0.00695397566108519	LGAT
BS_C6ZZ3FY5	3926	93	250	343	0.087366276107998	HGAT
BS_C7A2TYAC	11428	68	51	119	0.0104130206510326	LGAT
BS_C80S5N37	7268	82	161	243	0.0334342322509631	Ependymoma
BS_C83TK159	5879	90	144	234	0.0398026875318932	HGAT
BS_CB6VK7PB	13485	50	45	95	0.00704486466444197	LGAT
BS_CGB2WS2A	11116	71	54	125	0.0112450521770421	LGAT
BS_CHDGRYHJ	4815	121	517	638	0.132502596053998	Medulloblastoma
BS_CS170P7T	6734	112	135	247	0.0366795366795367	LGAT
BS_CTR5X93B	9226	62	47	109	0.011814437459354	LGAT
BS_CVGFNCBJ	9945	190	163	353	0.0354952237305178	LGAT
BS_CXVGG342	12382	251	67	318	0.0256824422548861	HGAT
BS_CXVJK2FY	8843	117	123	240	0.0271401108221192	Ependymoma
BS_CZ3ER8DY	6612	186	209	395	0.0597398669086509	Ependymoma
BS_CZ3NA7KV	4846	120	206	326	0.0672719768881552	Ependymoma
BS_D144EJRQ	10634	375	188	563	0.0529433891292082	Medulloblastoma
BS_D29RPBSZ	3693	80	94	174	0.0471161657189277	HGAT
BS_D2K9C7XR	14868	127	55	182	0.012241054613936	Craniopharyngioma
BS_D3YBV7KB	11415	66	65	131	0.0114761279018835	LGAT
BS_D5NQV7N5	5863	132	143	275	0.0469043151969981	Craniopharyngioma
BS_D8N31T39	12629	114	87	201	0.0159157494655159	LGAT
BS_DEHJF4C7	12017	78	69	147	0.0122326703836232	LGAT
BS_DFGS950G	5427	513	203	716	0.131932927952828	HGAT
BS_DFWFBYSN	10887	392	204	596	0.0547441903187288	Medulloblastoma
BS_DHA5FMVW	10049	208	219	427	0.0424917902278834	ATRT
BS_DMZP9G1H	11332	191	218	409	0.0360924814684081	Ganglioglioma
BS_DPF1CX0G	9541	106	82	188	0.0197044334975369	LGAT
BS_DRD9QXR5	12085	109	132	241	0.0199420769549028	Craniopharyngioma
BS_DRY58DTF	8947	230	185	415	0.0463842628814128	HGAT
BS_DS438CXE	11855	210	195	405	0.0341628005061156	HGAT
BS_DSS3S5XD	11137	52	75	127	0.0114034300080812	LGAT
BS_DV86M0Y7	10993	70	77	147	0.0133721459110343	LGAT
BS_E054DFJN	9021	323	234	557	0.0617448176477109	Craniopharyngioma
BS_E0N3PTPN	11031	44	49	93	0.00843078596682078	LGAT
BS_E1CGF3KV	9646	98	173	271	0.0280945469624715	LGAT
BS_E3BAT4C1	11131	246	221	467	0.0419549007276974	Medulloblastoma
BS_E3EJHXQV	7520	84	66	150	0.0199468085106383	LGAT
BS_E4F1D721	9578	106	304	410	0.0428064314053038	Ependymoma
BS_E4GC9EXR	11696	30	52	82	0.0070109439124487	Ganglioglioma
BS_E4QK839R	11203	230	130	360	0.03213424975453	LGAT
BS_E60JZ9Z3	14962	527	248	775	0.05179788798289	HGAT
BS_E94QRJDW	9289	149	42	191	0.0205619550005383	LGAT
BS_EBMCTR80	10064	164	75	239	0.023748012718601	LGAT
BS_EFE4YEK3	15852	412	363	775	0.0488897300025233	Medulloblastoma
BS_EFEZB0ZH	9928	141	86	227	0.0228646253021757	LGAT
BS_EHVYJAVA	13317	34	42	76	0.00570699106405347	LGAT
BS_EK5PCKY0	2514	76	281	357	0.14200477326969	Ependymoma
BS_EMMF4PZX	9794	291	231	522	0.0532979375127629	Craniopharyngioma
BS_EMYET8F4	10928	124	74	198	0.0181185944363104	Ependymoma
BS_EN2VK7NY	12891	46	30	76	0.00589558606779924	LGAT
BS_ERJAJ0KA	12375	59	111	170	0.0137373737373737	Ganglioglioma
BS_ERWT0ZWE	13468	446	274	720	0.0534600534600535	Medulloblastoma
BS_ET8CJXSF	12320	66	58	124	0.0100649350649351	LGAT
BS_EVCAC3NH	3399	136	208	344	0.101206237128567	Ependymoma
BS_EXGBH3TD	9219	69	56	125	0.0135589543334418	LGAT
BS_EXYHZ6D4	1565	253	99	352	0.224920127795527	LGAT
BS_EYSS0ZDS	11251	161	70	231	0.0205315083103724	LGAT
BS_EYYMKWB7	11382	180	147	327	0.0287295730100158	LGAT
BS_EZ3147MX	20782	152	764	916	0.0440766047541141	HGAT
BS_F0JB4EAK	5638	113	263	376	0.0666903157147925	HGAT
BS_F4E8R9VY	8199	189	117	306	0.0373216245883644	Ganglioglioma
BS_F8N6CFQE	9766	39	22	61	0.00624616014745034	LGAT
BS_FAQQ0GCQ	13441	42	77	119	0.0088535079235176	Ganglioglioma
BS_FCAKKZ20	10532	209	191	400	0.0379794910748196	Medulloblastoma
BS_FCDAH728	10222	143	460	603	0.0589904128350616	HGAT
BS_FEV5A0HN	10877	259	265	524	0.0481750482669854	HGAT
BS_FJWZ3M7V	11581	38	29	67	0.00578533805370866	LGAT
BS_FJZPQZ2C	14730	70	51	121	0.00821452817379498	LGAT
BS_FKDQJJB5	7509	166	124	290	0.0386203222799308	Medulloblastoma
BS_FRZ76GEG	10493	64	67	131	0.0124845134851806	Craniopharyngioma
BS_FTKPQ5FZ	2599	138	198	336	0.129280492497114	Ependymoma
BS_FW5ECXXK	3974	119	157	276	0.0694514343231002	Ependymoma
BS_FX2P2WEG	5818	234	224	458	0.0787212100378137	HGAT
BS_FYRDYBMZ	8067	205	265	470	0.0582620552869716	HGAT
BS_G00FHF3Q	12460	172	237	409	0.0328250401284109	Medulloblastoma
BS_G23JJAZY	5323	198	219	417	0.0783392823595717	Ependymoma
BS_G3NN392N	5742	310	231	541	0.0942180424939046	HGAT
BS_G3RJTBZD	12441	336	161	497	0.0399485571899365	HGAT
BS_G5QBBHDV	4390	196	287	483	0.11002277904328	LGAT
BS_G63HYD6N	14106	191	181	372	0.0263717566992769	Ependymoma
BS_G7AGNB5G	10397	68	67	135	0.0129845147638742	LGAT
BS_G9XE3N9T	10657	98	110	208	0.0195176879046636	LGAT
BS_GAGRGSSX	6215	171	238	409	0.0658085277554304	ATRT
BS_GC3CH9TY	11887	192	230	422	0.0355009674434256	Craniopharyngioma
BS_GCA4GET3	10608	75	83	158	0.014894419306184	LGAT
BS_GCQFGDTX	18515	429	185	614	0.0331623008371591	Medulloblastoma
BS_GE2RVZE6	13718	244	383	627	0.0457063711911357	Medulloblastoma
BS_GG9W3J9Y	12344	391	112	503	0.040748541801685	HGAT
BS_GHNJ4CYC	8158	44	41	85	0.0104192203971562	LGAT
BS_GJNCYABP	7376	70	115	185	0.0250813449023861	ATRT
BS_GMDQK06Q	13203	39	55	94	0.00711959403165947	Craniopharyngioma
BS_GMJBGBWB	10264	74	58	132	0.0128604832424006	Craniopharyngioma
BS_GNV89A5P	11289	313	250	563	0.0498715563823191	Medulloblastoma
BS_GPEGRCCT	12081	74	41	115	0.00951907954639517	LGAT
BS_GR46VD0Q	13257	95	105	200	0.0150863694651882	LGAT
BS_GS1KR5PK	17238	1136	639	1775	0.102970182155703	Medulloblastoma
BS_GTZCFGRZ	9401	144	134	278	0.029571322199766	Ganglioglioma
BS_GV3NZ9QD	11721	67	59	126	0.0107499360122856	Ependymoma
BS_GW0GKWMS	11317	135	86	221	0.0195281435009278	HGAT
BS_GWCRMKE6	11413	67	64	131	0.0114781389643389	LGAT
BS_GWSJ4Z9H	12172	127	306	433	0.0355734472559974	HGAT
BS_GXTFW99H	10727	226	201	427	0.039806096765172	HGAT
BS_GYA4V1RD	16014	39	49	88	0.00549519170725615	LGAT
BS_GYXSDZ56	12498	47	35	82	0.00656104976796287	LGAT
BS_H0QWRJE2	10577	131	283	414	0.0391415335161199	HGAT
BS_H1XPVS9A	10418	124	68	192	0.0184296410059512	LGAT
BS_H1ZS5FMZ	10091	203	160	363	0.035972648895055	HGAT
BS_H3FE3TH9	11510	51	47	98	0.00851433536055604	LGAT
BS_H4B5Y6S0	4866	185	458	643	0.132141389231402	Medulloblastoma
BS_H4NXBD2D	4243	106	283	389	0.0916804148008485	Ependymoma
BS_H8A9PSYA	8419	65	58	123	0.0146098111414657	LGAT
BS_H97S5SQN	9744	75	252	327	0.0335591133004926	HGAT
BS_HA20Y4XY	11460	64	34	98	0.00855148342059337	LGAT
BS_HB03GSHF	9538	148	168	316	0.0331306353533235	Medulloblastoma
BS_HC44ZA0V	10923	132	492	624	0.0571271628673441	Ependymoma
BS_HC5M8JTC	11489	46	31	77	0.00670206284271912	LGAT
BS_HD4EJYE3	12763	220	207	427	0.0334560839927917	Medulloblastoma
BS_HE57E1RP	8280	225	161	386	0.0466183574879227	Medulloblastoma
BS_HF3RNN2T	9387	176	247	423	0.0450623202301055	Medulloblastoma
BS_HHPA8NJ2	8471	340	278	618	0.0729547869200803	Medulloblastoma
BS_HJRTC9JQ	12939	78	160	238	0.0183940026277147	HGAT
BS_HKZENFDA	4634	146	229	375	0.0809236081139404	Medulloblastoma
BS_HQ5BJ6MW	8418	46	62	108	0.0128296507483963	LGAT
BS_HSHN8PBB	10280	100	79	179	0.0174124513618677	LGAT
BS_HTEPAKCM	9490	378	296	674	0.0710221285563751	Medulloblastoma
BS_HV8PFRBR	7797	140	164	304	0.0389893548800821	LGAT
BS_HWGWYCY7	10058	323	493	816	0.0811294491946709	HGAT
BS_HX0S30NE	10866	33	43	76	0.00699429412847414	LGAT
BS_HZ707C55	11698	144	259	403	0.0344503333903231	Ependymoma
BS_HZE3KYZ1	8733	174	213	387	0.0443146684987977	Medulloblastoma
BS_HZRM07TW	13325	544	210	754	0.0565853658536585	Medulloblastoma
BS_J1AB8PMA	8847	121	92	213	0.0240759579518481	Medulloblastoma
BS_J483EMFP	13827	810	322	1132	0.0818688074058002	ATRT
BS_J6VKB1VE	5801	230	166	396	0.0682640923978624	LGAT
BS_J70GK8SM	3170	79	197	276	0.0870662460567823	Ependymoma
BS_J71N7D09	17227	993	1038	2031	0.117896325535497	Medulloblastoma
BS_J8G4SH4Z	12437	324	275	599	0.0481627402106617	Medulloblastoma
BS_J8VX4D17	10312	176	84	260	0.0252133436772692	Ependymoma
BS_JB43XBCQ	7533	100	220	320	0.0424797557414045	HGAT
BS_JCPKYHKY	12093	45	78	123	0.0101711734061027	Craniopharyngioma
BS_JFB984RG	9241	341	271	612	0.066226598852938	Medulloblastoma
BS_JFR750KD	12524	107	47	154	0.0122963909294155	LGAT
BS_JG9JZTA9	9295	87	143	230	0.0247444862829478	LGAT
BS_JH29M4KG	12676	42	42	84	0.00662669611864942	LGAT
BS_JHGW42S6	9711	62	171	233	0.0239934095355782	Ependymoma
BS_JKXA3FQC	11846	68	33	101	0.00852608475434746	LGAT
BS_JMHG7GCN	9838	45	43	88	0.0089449075015247	LGAT
BS_JQVAWTTM	8342	136	317	453	0.0543035243346919	HGAT
BS_JR5ATB7G	11999	440	318	758	0.0631719309942495	Medulloblastoma
BS_JRYJGYC4	10079	632	268	900	0.0892945728742931	HGAT
BS_JS95PE0J	10982	123	210	333	0.0303223456565289	HGAT
BS_JT82QGXF	9096	398	322	720	0.079155672823219	Medulloblastoma
BS_JTMXAMB7	4255	57	254	311	0.073090481786134	Medulloblastoma
BS_JVA2NQFF	13477	41	64	105	0.00779105142093938	LGAT
BS_JVW2JJ39	10632	1142	337	1479	0.13910835214447	HGAT
BS_JWSR581E	11439	29	27	56	0.004895532826296	LGAT
BS_JX7S9MY7	5267	431	212	643	0.122080880956901	Craniopharyngioma
BS_JZRM1S3T	11177	179	176	355	0.0317616533953655	Medulloblastoma
BS_K17VQECG	9714	229	122	351	0.0361334156886967	HGAT
BS_K25F4J3V	8001	212	154	366	0.0457442819647544	ATRT
BS_K2VYFVKZ	11951	22	36	58	0.00485315036398628	LGAT
BS_K3ER45RV	14130	420	253	673	0.0476291578202406	Medulloblastoma
BS_K5802F84	15504	125	258	383	0.024703302373581	LGAT
BS_K74PZET7	12599	411	316	727	0.0577029923009763	Medulloblastoma
BS_K7MVS0Z7	10927	56	24	80	0.00732131417589457	LGAT
BS_K81DR8XG	11409	296	344	640	0.0560960645104742	Medulloblastoma
BS_KBEX4RT2	8285	330	366	696	0.084007242003621	HGAT
BS_KBT7MQ6H	6396	168	183	351	0.0548780487804878	Ependymoma
BS_KDSTG5YY	10504	95	66	161	0.0153274942878903	Ependymoma
BS_KEA474HN	11978	56	42	98	0.00818166638837869	LGAT
BS_KN92S7YQ	12074	349	284	633	0.0524267020043068	Medulloblastoma
BS_KND4B5CW	6203	206	117	323	0.0520715782685797	Craniopharyngioma
BS_KP735TJ6	13844	1427	316	1743	0.125902918231725	HGAT
BS_KPT2WPHW	12302	217	241	458	0.0372297187449195	Ganglioglioma
BS_KVNGNETA	11187	202	635	837	0.0748189863234111	Medulloblastoma
BS_KVV7001W	13349	57	55	112	0.00839014158363922	Ganglioglioma
BS_KX6J8TRK	13434	47	63	110	0.00818817924668751	LGAT
BS_KXCY5BN5	12755	127	154	281	0.02203057624461	ATRT
BS_KXMYBQ6N	9238	126	140	266	0.0287941112794977	Ependymoma
BS_KYF0Q0E7	3812	164	256	420	0.110178384050367	Medulloblastoma
BS_M0QYNVK8	14535	250	155	405	0.0278637770897833	HGAT
BS_M15PW2N0	13453	229	137	366	0.0272058276964246	Medulloblastoma
BS_M1PVEHCM	12359	1606	569	2175	0.175985112064083	HGAT
BS_M1T1K5WV	13636	118	172	290	0.0212672337929011	Ependymoma
BS_M4923M40	8071	216	192	408	0.0505513567092058	ATRT
BS_M4NVX721	13614	147	142	289	0.0212281474952255	Ganglioglioma
BS_M4TTKPNR	12229	56	58	114	0.00932210319731785	LGAT
BS_M7HCF7DW	14713	234	74	308	0.0209338680078842	HGAT
BS_M84H3KXA	4563	110	280	390	0.0854700854700855	Medulloblastoma
BS_M85CXHDV	10093	70	91	161	0.0159516496581789	HGAT
BS_M86ECPHK	16699	146	296	442	0.0264686508174142	Medulloblastoma
BS_M8EA6R2A	11639	243	317	560	0.0481140991494115	HGAT
BS_M8M56Z4Y	10919	190	112	302	0.0276582104588332	LGAT
BS_M8WP5T16	13172	179	98	277	0.0210294564227149	LGAT
BS_MA2T7ET1	5697	216	243	459	0.0805687203791469	Ependymoma
BS_MB7WN0ZB	4917	145	211	356	0.0724018710595892	HGAT
BS_MBSTWZA6	14327	94	54	148	0.0103301458784114	LGAT
BS_MDBT7S5Z	8954	376	249	625	0.0698012061648425	HGAT
BS_ME3HKN2C	10593	128	145	273	0.0257717360521099	LGAT
BS_MF47B9ZW	7386	445	371	816	0.110479285134037	Ganglioglioma
BS_MF9X3PKH	12068	22	36	58	0.00480609877361618	LGAT
BS_MKM0EEN1	12958	1269	341	1610	0.124247569069301	HGAT
BS_MKP2Y41Z	7841	94	114	208	0.0265272286698125	Ependymoma
BS_MMNRZ1EQ	7436	210	120	330	0.0443786982248521	ATRT
BS_MN5XVP5A	12270	237	105	342	0.0278728606356968	HGAT
BS_MQCKXD60	2964	294	174	468	0.157894736842105	LGAT
BS_MT15SGJN	2663	112	157	269	0.101013894104394	Ependymoma
BS_MV6ASWV9	10576	706	271	977	0.0923789712556732	ATRT
BS_MVW01FPB	11922	136	144	280	0.023485992283174	ATRT
BS_MWWZBQ60	11557	256	87	343	0.0296789824348879	HGAT
BS_MX23ZY0Y	13204	627	193	820	0.0621023932141775	HGAT
BS_MY9D8XZ1	9119	98	53	151	0.0165588332053953	LGAT
BS_N0877CX1	6455	167	222	389	0.0602633617350891	ATRT
BS_N1E0H8YQ	15634	317	80	397	0.0253933734169119	LGAT
BS_N210XMKR	9139	82	120	202	0.0221030747346537	LGAT
BS_N4B1SZZH	11077	173	193	366	0.0330414372122416	Medulloblastoma
BS_N5B2CZMH	8512	245	187	432	0.0507518796992481	LGAT
BS_N5DVEJXT	11762	139	106	245	0.0208297908518959	Ependymoma
BS_N6NE6B3W	22445	402	724	1126	0.0501670750723992	LGAT
BS_N8J1DP02	12422	262	209	471	0.0379165995813879	Ependymoma
BS_NB42PWZN	9898	182	231	413	0.0417256011315417	Ependymoma
BS_NB5XWMJT	11227	111	77	188	0.0167453460407945	LGAT
BS_NB9XXBW6	7233	73	170	243	0.0335960182496889	HGAT
BS_NEVYM2FP	8715	56	153	209	0.0239816408491107	HGAT
BS_NGHK9RZP	9137	130	340	470	0.0514392032395754	Ependymoma
BS_NGSG2KB6	12765	91	293	384	0.0300822561692127	HGAT
BS_NGY0TE6S	8934	348	218	566	0.0633534810835012	Craniopharyngioma
BS_NH7K4CD9	6913	237	375	612	0.0885288586720671	Ependymoma
BS_NKEAAFMW	12753	264	317	581	0.045557907943229	Medulloblastoma
BS_NKRYMHEP	13110	415	284	699	0.0533180778032037	Medulloblastoma
BS_NNPEC7W1	8558	540	446	986	0.115213835008179	HGAT
BS_NPA6CZQF	7043	118	229	347	0.049268777509584	HGAT
BS_NPQJ20KX	7951	184	151	335	0.0421330650232675	LGAT
BS_NQB91P48	10175	91	60	151	0.0148402948402948	LGAT
BS_NR3P3GN2	9203	168	95	263	0.0285776377268282	HGAT
BS_NRFQEQKP	11095	58	52	110	0.00991437584497521	LGAT
BS_NRPG5K4K	21901	36	139	175	0.00799050271677092	LGAT
BS_NS7GSHB9	9442	78	75	153	0.0162041940266893	LGAT
BS_NT9NZYFD	12994	121	152	273	0.0210096967831307	Ganglioglioma
BS_NYS8TRCB	12481	96	94	190	0.0152231391715407	LGAT
BS_NZ71XCG3	14203	312	201	513	0.036119129761318	Medulloblastoma
BS_P0QF87WC	12976	1093	369	1462	0.11266954377312	HGAT
BS_P277RYX5	8392	142	95	237	0.0282411820781697	Ganglioglioma
BS_P78SMRBS	12114	167	190	357	0.029470034670629	Ependymoma
BS_P7EY9DXG	10805	200	164	364	0.0336881073577048	ATRT
BS_P9JP6JFA	10502	278	178	456	0.0434203008950676	HGAT
BS_PEP9NZXN	13417	114	52	166	0.0123723634195424	LGAT
BS_PGHK1JRW	8794	92	97	189	0.0214919263133955	ATRT
BS_PGK832G2	10646	221	217	438	0.0411422130377607	HGAT
BS_PJPGVD62	8806	511	370	881	0.100045423574835	Ependymoma
BS_PK18H7E7	13313	120	25	145	0.0108916097047998	LGAT
BS_PKW05VZV	10884	71	77	148	0.0135979419331128	HGAT
BS_PN2CE34A	8754	227	281	508	0.0580306145761937	LGAT
BS_PNYN0AYD	14643	564	470	1034	0.0706139452298026	HGAT
BS_PQ6QEVE8	11904	155	100	255	0.0214213709677419	Ganglioglioma
BS_PQ7CQFYR	6889	267	222	489	0.0709827260850631	Ganglioglioma
BS_PQVTB6BB	12305	129	123	252	0.0204794798862251	HGAT
BS_PRAEF32W	4901	68	82	150	0.03060599877576	Ependymoma
BS_PRR8K9GE	9630	184	170	354	0.0367601246105919	Craniopharyngioma
BS_PS0P3QJ3	2113	218	148	366	0.173213440605774	HGAT
BS_PSW27ZTE	9647	68	87	155	0.0160671711412874	Ependymoma
BS_PXCPK5XS	9929	205	273	478	0.0481418068284822	HGAT
BS_PZVHMSYN	11819	1854	296	2150	0.181910483120399	HGAT
BS_Q13FQ8FV	937	368	51	419	0.447171824973319	HGAT
BS_Q3TBCK4V	9322	47	39	86	0.00922548809268397	LGAT
BS_Q5WZYWCT	11445	378	378	756	0.0660550458715596	Ependymoma
BS_Q79NP5YY	9304	43	44	87	0.00935081685296647	LGAT
BS_QAG1RDXN	12292	63	52	115	0.00935567849007485	LGAT
BS_QB84TBA3	11510	1940	705	2645	0.229800173761946	HGAT
BS_QC3XCE6X	12427	119	129	248	0.0199565462299831	LGAT
BS_QEYPFYHD	25509	612	581	1193	0.0467678074405112	Medulloblastoma
BS_QF5VVZX5	7762	185	258	443	0.0570729193506828	Ganglioglioma
BS_QH82PBMB	8612	69	56	125	0.0145146307477938	LGAT
BS_QNNX91SM	9344	92	193	285	0.0305008561643836	HGAT
BS_QP6MSKRE	9273	122	59	181	0.0195190337539092	Ependymoma
BS_QPPPGYP4	9684	376	308	684	0.0706319702602231	Medulloblastoma
BS_QRDT19KS	12830	449	337	786	0.0612626656274357	Medulloblastoma
BS_QRNSKFMS	10680	93	89	182	0.0170411985018727	LGAT
BS_QSTAVWGE	11292	165	246	411	0.0363974495217853	Ependymoma
BS_QTSXW7DA	10969	55	43	98	0.00893426930440332	LGAT
BS_QV51J756	11393	151	170	321	0.0281751952953568	Ganglioglioma
BS_QWTE1CWR	15045	260	80	340	0.0225988700564972	HGAT
BS_QX12J6W1	10268	153	195	348	0.0338917023763148	ATRT
BS_QXKRN6CR	4449	151	236	387	0.0869858395144976	Ependymoma
BS_QYPHA40N	9001	148	78	226	0.0251083212976336	HGAT
BS_R13X6TMW	9550	83	63	146	0.0152879581151832	LGAT
BS_R244Z0WX	8982	184	195	379	0.0421955021153418	LGAT
BS_R439VVPK	12666	335	222	557	0.0439759987367756	Medulloblastoma
BS_R5SNFB5B	10165	298	387	685	0.0673880964092474	HGAT
BS_R634WKN7	11539	50	74	124	0.0107461651789583	LGAT
BS_R6WNEEE4	9800	133	96	229	0.0233673469387755	Medulloblastoma
BS_R7HZCZ8B	12996	117	102	219	0.0168513388734995	Craniopharyngioma
BS_R7NTZR4C	8939	125	186	311	0.0347913636872133	HGAT
BS_R9B92M75	10218	55	203	258	0.0252495596007046	HGAT
BS_RCC8BXVE	11349	276	351	627	0.0552471583399418	Medulloblastoma
BS_RCCN63K6	8856	115	92	207	0.0233739837398374	HGAT
BS_RCFQ31XF	7251	54	117	171	0.0235829540753	Ependymoma
BS_RD4D5F9F	11755	192	79	271	0.0230540195661421	Medulloblastoma
BS_RFMQ7T0T	13288	73	132	205	0.0154274533413606	Craniopharyngioma
BS_RGPSEMHC	5836	78	207	285	0.0488348183687457	Ependymoma
BS_RGSMX7QD	9830	121	83	204	0.0207527975584944	Ganglioglioma
BS_RHD7XPNP	11414	112	208	320	0.0280357455756089	Ependymoma
BS_RRAEQZ97	10850	40	40	80	0.00737327188940092	LGAT
BS_RSRPX3S8	10435	316	108	424	0.0406324868231912	Medulloblastoma
BS_RVSEDNJ4	8188	131	56	187	0.022838299951148	Ganglioglioma
BS_RWJZFTP9	12290	24	48	72	0.00585842148087876	LGAT
BS_RX1YTZ7F	7962	93	193	286	0.0359206229590555	HGAT
BS_RXN5T5YT	9768	382	191	573	0.0586609336609337	HGAT
BS_S0175QKX	12830	84	66	150	0.0116913484021824	Ependymoma
BS_S1KK7XRH	13080	73	49	122	0.00932721712538226	LGAT
BS_S1M423AB	13866	501	256	757	0.0545939708639838	Medulloblastoma
BS_S2TA8R29	9292	77	48	125	0.0134524321997417	HGAT
BS_S458NMKH	10643	53	37	90	0.00845626233204923	LGAT
BS_S4V9E1XJ	11833	28	25	53	0.00447899940843404	LGAT
BS_S50KQEXV	6957	97	47	144	0.0206985769728331	LGAT
BS_S5P8VTN5	11602	81	115	196	0.0168936390277538	HGAT
BS_S69QZAJR	14220	283	262	545	0.0383263009845288	Medulloblastoma
BS_S6NJRR5W	9905	237	335	572	0.057748611812216	Craniopharyngioma
BS_S6Q7NKA3	9033	121	329	450	0.0498173364330787	Medulloblastoma
BS_S6S7SK3P	11840	1990	514	2504	0.211486486486486	HGAT
BS_S71RJ8DH	8267	108	88	196	0.0237087214225233	ATRT
BS_S7CZY2CH	10025	116	69	185	0.0184538653366584	LGAT
BS_S9929Z8B	9830	108	88	196	0.0199389623601221	Ganglioglioma
BS_SAA624A4	2447	230	315	545	0.222721700040866	Ependymoma
BS_SD8YBRBR	19682	2889	554	3443	0.174931409409613	HGAT
BS_SDA4RMMG	12773	53	43	96	0.00751585375401237	LGAT
BS_SDCNP7MW	8147	224	305	529	0.0649318767644532	Ependymoma
BS_SDZY6RZ3	8993	96	70	166	0.0184588012898921	LGAT
BS_SFKZSJN1	13428	76	103	179	0.0133303544831695	LGAT
BS_SHMC4902	11698	57	29	86	0.00735168404855531	LGAT
BS_SKGJ5SY9	11936	144	148	292	0.0244638069705094	Medulloblastoma
BS_SNVM7CZT	5984	98	94	192	0.0320855614973262	HGAT
BS_SQX5E15Z	12769	57	56	113	0.00884955752212389	LGAT
BS_SXRS2P6T	10993	32	36	68	0.00618575457109069	LGAT
BS_T0RKFEKR	8868	38	55	93	0.0104871447902571	LGAT
BS_T1DVKKJB	11253	499	166	665	0.0590953523504843	Ependymoma
BS_T1W4JA94	8392	106	46	152	0.0181124880838894	LGAT
BS_T1YHK6B7	9738	549	152	701	0.071986034093243	HGAT
BS_T2QPMZCM	11720	150	196	346	0.0295221843003413	LGAT
BS_T3DGY9J9	6420	108	76	184	0.0286604361370717	HGAT
BS_T3H5AY8A	11480	260	96	356	0.0310104529616725	LGAT
BS_T4JFN54G	6238	53	52	105	0.0168323180506573	LGAT
BS_T4P3J13C	10496	74	45	119	0.0113376524390244	Ependymoma
BS_T55Y4Z0Y	11817	114	103	217	0.0183633747990184	LGAT
BS_TA9WP4TH	10608	473	260	733	0.0690987933634993	Medulloblastoma
BS_TBWYAFSM	11524	124	330	454	0.0393960430406109	Ependymoma
BS_TCGEZJ5F	8093	341	393	734	0.0906956629185716	Ependymoma
BS_TE0GVDNG	8013	394	279	673	0.0839885186571821	Medulloblastoma
BS_TG93XC55	14338	339	414	753	0.0525177849072395	Ganglioglioma
BS_TGS109T3	10579	238	102	340	0.0321391435863503	HGAT
BS_TJTEF70D	3538	107	227	334	0.0944036178631995	HGAT
BS_TK84K675	13321	566	187	753	0.0565272877411606	HGAT
BS_TM9MH0RP	11595	88	100	188	0.0162138852953859	HGAT
BS_TMTV769C	10437	61	86	147	0.0140845070422535	LGAT
BS_TNRHHYNC	11694	279	318	597	0.0510518214468958	Ependymoma
BS_TRKH2SPE	12840	294	239	533	0.0415109034267913	HGAT
BS_TV5B86ZD	5507	159	546	705	0.128018885055384	HGAT
BS_TW8DQH8J	3814	123	234	357	0.0936025170424751	Medulloblastoma
BS_TXY8QYWA	9655	141	151	292	0.0302433972035215	Ependymoma
BS_TXZ7KHTQ	5250	167	298	465	0.0885714285714286	HGAT
BS_TYAYZ9ZW	11164	473	206	679	0.060820494446435	Medulloblastoma
BS_TZ5D0A7R	12415	388	214	602	0.0484897301651228	Ependymoma
BS_TZVFR600	7272	167	131	298	0.040979097909791	Medulloblastoma
BS_V0Q1G94N	7634	103	57	160	0.0209588682211161	LGAT
BS_V3REENH9	3788	62	56	118	0.0311510031678986	LGAT
BS_V3Z3DB4N	14093	196	119	315	0.0223515220322146	HGAT
BS_V4W81SFC	13562	97	87	184	0.0135673204542103	Ependymoma
BS_V72GX2AZ	7832	67	52	119	0.015194075587334	LGAT
BS_V72H4RQS	8394	196	151	347	0.0413390517035978	Medulloblastoma
BS_V7BJM89K	9756	101	179	280	0.02870028700287	LGAT
BS_V89HGTET	11178	49	39	88	0.00787260690642333	LGAT
BS_V96WVE3Z	15475	1417	435	1852	0.11967689822294	Medulloblastoma
BS_V9HVBBDW	13702	371	329	700	0.0510874324916071	Medulloblastoma
BS_VA5T4KAA	12437	90	396	486	0.0390769478169977	Medulloblastoma
BS_VAAHBH60	7075	456	139	595	0.0840989399293286	Ependymoma
BS_VARR255N	9695	64	36	100	0.0103145951521403	LGAT
BS_VF5XWFXD	11763	66	48	114	0.00969140525376179	HGAT
BS_VJ2S5DVS	10788	291	573	864	0.0800889877641824	Ependymoma
BS_VJVDJABP	11083	126	281	407	0.036722908959668	Medulloblastoma
BS_VMEX27TN	10202	121	221	342	0.0335228386590865	Medulloblastoma
BS_VMMJYN8Z	15029	60	121	181	0.0120433827932664	Ganglioglioma
BS_VMQMGSJY	11222	70	158	228	0.0203172340046338	HGAT
BS_VNK9XYV9	10641	137	118	255	0.0239639131660558	Craniopharyngioma
BS_VP3C8WZT	10309	70	38	108	0.0104762828596372	LGAT
BS_VP5Y45Z7	9841	45	39	84	0.00853571791484605	LGAT
BS_VPBMDMQX	10107	210	66	276	0.0273078064707628	Medulloblastoma
BS_VPMKHW9X	9805	326	282	608	0.0620091789903111	Craniopharyngioma
BS_VR7FR1NE	8945	71	73	144	0.0160983789826719	LGAT
BS_VT6C6N6K	10315	358	117	475	0.0460494425593795	Medulloblastoma
BS_VVFBW0YH	9248	361	221	582	0.0629325259515571	Medulloblastoma
BS_VVTHDRBD	8016	88	89	177	0.0220808383233533	HGAT
BS_VW85Q4XJ	11211	49	19	68	0.00606547141200607	LGAT
BS_W1385R8Y	9077	219	521	740	0.0815247328412471	HGAT
BS_W311713R	7824	374	305	679	0.0867842535787321	Medulloblastoma
BS_W3R88RFP	8693	46	111	157	0.0180605084550788	LGAT
BS_W4DB5RP1	8201	1164	352	1516	0.184855505426168	HGAT
BS_W4H1D4Y6	9404	234	241	475	0.0505104210974054	HGAT
BS_W4HGV6E7	17560	97	411	508	0.0289293849658314	LGAT
BS_W60RQAKK	14295	3950	687	4637	0.324379153550192	HGAT
BS_W644VEVE	17243	395	233	628	0.0364205764658122	Medulloblastoma
BS_W7MFJZ5A	9789	51	129	180	0.0183879865154766	HGAT
BS_W80TJC27	3972	63	148	211	0.0531218529707956	Ependymoma
BS_W97QQYKQ	13589	95	80	175	0.0128780631393038	Ganglioglioma
BS_W9AT0MR7	10413	358	317	675	0.0648228176318064	Medulloblastoma
BS_W9N9844Q	16186	226	99	325	0.0200790806870135	HGAT
BS_WAXJY4XQ	7897	152	159	311	0.0393820438141066	HGAT
BS_WCRKYV0T	12663	366	536	902	0.0712311458580115	LGAT
BS_WFD0GE5X	11066	77	118	195	0.0176215434664739	Ependymoma
BS_WG203ECV	12085	54	49	103	0.00852296235002069	LGAT
BS_WGK8ZMVA	10242	65	90	155	0.0151337629369264	Ependymoma
BS_WH5HDE0A	14376	217	221	438	0.0304674457429048	Medulloblastoma
BS_WH8G4VFB	11440	3497	621	4118	0.359965034965035	HGAT
BS_WJ9H4NZZ	10549	359	140	499	0.0473030619016021	HGAT
BS_WKESC3XN	18105	2908	664	3572	0.197293565313449	HGAT
BS_WRHDP7WF	18784	100	122	222	0.0118185689948893	Ependymoma
BS_WRQHPSXQ	11299	263	84	347	0.0307106823612709	Ganglioglioma
BS_WV0S8N4M	13116	86	148	234	0.0178408051235133	ATRT
BS_WVS02TZK	8361	101	88	189	0.0226049515608181	LGAT
BS_WVW3W6ZB	7917	143	108	251	0.0317039282556524	ATRT
BS_WWKNJSJ5	15089	1452	517	1969	0.130492411690636	ATRT
BS_WYERXS4G	3452	59	214	273	0.0790845886442642	Ependymoma
BS_X0F9AYEC	12693	110	128	238	0.0187504923973844	LGAT
BS_X0XXN9BK	9461	197	290	487	0.0514744741570659	HGAT
BS_X16PENSA	13136	27	63	90	0.00685140073081608	LGAT
BS_X23724NJ	15223	254	142	396	0.0260132693949944	HGAT
BS_X4DD4KSZ	13665	47	270	317	0.0231979509696304	HGAT
BS_X4X1SFSE	5056	89	237	326	0.0644778481012658	HGAT
BS_X59HSFGG	9681	69	73	142	0.0146679062080364	LGAT
BS_X67GTEM6	10738	74	100	174	0.0162041348482026	Ependymoma
BS_X91K8KMG	9076	136	54	190	0.0209343323049802	LGAT
BS_X9EGD530	9043	131	107	238	0.0263186995466106	LGAT
BS_XF0ZX2B3	5085	123	159	282	0.0554572271386431	Ependymoma
BS_XG0DBWVT	10392	271	113	384	0.0369515011547344	HGAT
BS_XGDPK33A	19737	124	509	633	0.0320717434260526	HGAT
BS_XGSA3GQE	11080	44	58	102	0.0092057761732852	LGAT
BS_XHCYEE2S	12827	197	161	358	0.0279098776019334	Craniopharyngioma
BS_XKKB4MZV	7178	128	46	174	0.0242407355809418	LGAT
BS_XM1AHBDJ	3497	334	210	544	0.15556191020875	HGAT
BS_XQ5SFW35	8923	84	39	123	0.013784601591393	HGAT
BS_XQYHPBFS	8241	121	54	175	0.0212352869797355	Ependymoma
BS_XZM79E42	7186	249	299	548	0.0762593932646813	HGAT
BS_Y0PCBNJV	11636	31	23	54	0.00464077002406325	LGAT
BS_Y7F9E2E9	12109	70	116	186	0.0153604756792468	LGAT
BS_Y8D1F5WW	14118	385	235	620	0.0439155687774472	Medulloblastoma
BS_YA8RBGD8	12695	99	45	144	0.0113430484442694	LGAT
BS_YB2RXRHT	13199	41	59	100	0.0075763315402682	LGAT
BS_YCREDZTJ	12050	164	153	317	0.0263070539419087	LGAT
BS_YDEVMD24	5133	305	264	569	0.110851353984025	HGAT
BS_YE1MAQYJ	11840	110	254	364	0.0307432432432432	Ependymoma
BS_YEB88D32	7683	144	239	383	0.0498503188858519	Medulloblastoma
BS_YEQVW4ND	10717	95	101	196	0.0182887001959504	LGAT
BS_YETBN0RQ	10061	133	244	377	0.0374714243116986	Medulloblastoma
BS_YEW22W35	9852	164	83	247	0.0250710515631344	HGAT
BS_YG0A13JH	3165	394	176	570	0.180094786729858	LGAT
BS_YH05F9DB	9674	262	256	518	0.0535455861070912	Craniopharyngioma
BS_YMAJC22S	12872	229	150	379	0.0294437538844002	LGAT
BS_YVMEEBKC	12632	32	26	58	0.00459151361621279	LGAT
BS_YY5B2XDD	8955	118	105	223	0.0249022892238973	LGAT
BS_YZ2Z1Q6Y	4264	187	138	325	0.0762195121951219	LGAT
BS_Z0AVVB1V	9787	62	43	105	0.0107285174210688	LGAT
BS_Z3RCA1T9	14825	86	314	400	0.0269814502529511	HGAT
BS_Z45HD492	9356	240	166	406	0.0433946130825139	Medulloblastoma
BS_Z6BWR941	12134	33	47	80	0.00659304433822317	LGAT
BS_Z7890YNR	9254	320	114	434	0.0468986384266263	Ependymoma
BS_Z7PKVY9J	5090	286	422	708	0.13909626719057	Medulloblastoma
BS_Z7Y2466H	10182	80	68	148	0.0145354547240228	LGAT
BS_Z8F3GM85	9715	88	55	143	0.0147195059186825	HGAT
BS_Z8YZ6QGS	12296	128	66	194	0.0157774886141835	HGAT
BS_ZD5HN296	7835	65	167	232	0.0296107211231653	HGAT
BS_ZF34SJGN	8593	157	149	306	0.0356103805423019	Craniopharyngioma
BS_ZF6BSFNF	11149	91	226	317	0.0284330433222711	HGAT
BS_ZRM0W01M	11171	224	315	539	0.0482499328618745	LGAT
BS_ZTWGFWTX	7417	104	73	177	0.0238640959956856	LGAT
BS_ZV1P6W9C	9184	304	189	493	0.0536803135888502	HGAT
BS_ZV68CES9	14997	141	272	413	0.0275388411015536	Medulloblastoma
BS_ZV9Z3SY6	8859	80	56	136	0.0153516198216503	LGAT
BS_ZVWE73JZ	11344	92	100	192	0.0169252468265162	HGAT
BS_ZVX2GRD6	7327	201	138	339	0.0462672307902279	LGAT
BS_ZVZDDW2G	11455	119	51	170	0.0148406809253601	LGAT
BS_ZWR9W4FX	10403	82	80	162	0.0155724310295107	Craniopharyngioma
BS_ZXYDSBM9	13071	347	335	682	0.0521765740953255	Medulloblastoma
BS_ZZMYDZJW	11847	39	42	81	0.00683717396809319	LGAT
BS_ZZWMD6FA	13789	36	40	76	0.00551163971281456	Ganglioglioma
