Sample	Total	AS_neg	AS_pos	AS_total	SI	Histology
BS_00FD2KMP	3815	12	143	155	0.0406290956749672	HGG
BS_00W5QB9S	1376	30	4	34	0.0247093023255814	EPN
BS_014EVM2D	2797	6		6	0.00214515552377547	LGG
BS_028YFYJ6	2365	65	3	68	0.0287526427061311	HGG
BS_02NZT8CE	4097	1	12	13	0.00317305345374664	LGG
BS_03FT4S8B	5086	2	6	8	0.00157294534014943	CPG
BS_044XZ8ST	4561	1	1	2	0.000438500328875247	LGG
BS_052PZFMK	1945	7	3	10	0.0051413881748072	HGG
BS_056Q8577	3679	5	616	621	0.168795868442512	HGG
BS_063ERW0R	4267	1	13	14	0.00328099367236935	LGG
BS_06AMMCXR	4372		6	6	0.00137236962488564	LGG
BS_07ANYSYQ	3009	10	4	14	0.00465270854104354	EPN
BS_08B376A6	3073	15	20	35	0.0113895216400911	MB
BS_08TWG4K0	1593	6	1	7	0.00439422473320778	HGG
BS_09Z7TC35	4184	4	44	48	0.011472275334608	MB
BS_0BTXD5M6	3019	12	5	17	0.00563100364359059	MB
BS_0BXY0F9N	2993	17	3	20	0.00668225860340795	EPN
BS_0C00AYTE	2906	33	18	51	0.0175498967653131	HGG
BS_0C7VZC0A	4128	4	4	8	0.00193798449612403	HGG
BS_0D5VRAKC	692	58	39	97	0.140173410404624	LGG
BS_0EB67GB4	2307	19	11	30	0.0130039011703511	MB
BS_0HKNEFQC	2322	26	8	34	0.0146425495262705	MB
BS_0J9SHHSC	4616	3	12	15	0.00324956672443674	LGG
BS_0JAKSXQP	518	26	6	32	0.0617760617760618	LGG
BS_0Q71ZPDX	2253	38	1158	1196	0.530847758544163	ATRT
BS_0QYS36NR	3221	5	4	9	0.00279416330332195	EPN
BS_0S8E7590	3992	19	68	87	0.0217935871743487	HGG
BS_0SCXXM6N	2757	5	2	7	0.00253899165759884	LGG
BS_0T17SY47	4443	10	10	20	0.00450146297546703	LGG
BS_0TDWG2CV	2460	27	3	30	0.0121951219512195	LGG
BS_0VXZCRJS	2975	7	11	18	0.00605042016806723	HGG
BS_0WQJP6ZG	1768	1		1	0.000565610859728507	EPN
BS_0WVJYM9R	4450	4	3	7	0.00157303370786517	LGG
BS_0WZKC4JH	1390	63	8	71	0.0510791366906475	LGG
BS_0X9EGHY2	3004	6	32	38	0.0126498002663116	LGG
BS_0XEG6SNV	4809	10	459	469	0.0975254730713246	EPN
BS_0XHT9W4Q	3689	19	13	32	0.00867443751694226	HGG
BS_0Y5J2AQ4	1524	10	3	13	0.00853018372703412	LGG
BS_0Y66ZBWE	4166	1	24	25	0.00600096015362458	LGG
BS_0ZA67BBC	3413	1	14	15	0.00439496044535599	HGG
BS_10Z9BMZ7	2057	35	1	36	0.0175012153621779	MB
BS_12G04QJM	985	46	16	62	0.0629441624365482	HGG
BS_130PVKA7	240	18	8	26	0.108333333333333	LGG
BS_13CGKADW	3002	12		12	0.00399733510992672	LGG
BS_15ETQ0E4	3797	3	23	26	0.00684751119304714	ATRT
BS_166N7SZQ	910	19	3	22	0.0241758241758242	LGG
BS_16KA9ZAW	422	9	1	10	0.023696682464455	LGG
BS_17WYVEEC	2654	9	3	12	0.00452147701582517	LGG
BS_17ZSMXFH	2967	6	228	234	0.0788675429726997	HGG
BS_18M3RHYN	3186	33	6	39	0.012241054613936	EPN
BS_196BBNEJ	3193	14	3	17	0.00532414657062324	EPN
BS_19Z0ERYF	2634	12	5	17	0.0064540622627183	MB
BS_1A6MQ9ZA	1936	1	2	3	0.0015495867768595	HGG
BS_1AYRM596	2768	17	3	20	0.00722543352601156	MB
BS_1BJNPHMD	3864	11	17	28	0.0072463768115942	HGG
BS_1BWP5MCT	4391	4	814	818	0.186290138920519	MB
BS_1D93Z575	3572	78	19	97	0.0271556550951848	HGG
BS_1DECYC4K	2171	13	3	16	0.00736987563334869	LGG
BS_1DMAMKFZ	3277	17	23	40	0.0122062862374123	MB
BS_1DNQ1R02	3732	8	420	428	0.114683815648446	HGG
BS_1EBQ3T20	3241	7	4	11	0.00339401419315026	HGG
BS_1EN5V3XW	3704	10	5	15	0.00404967602591793	HGG
BS_1G3WYEN3	3155	12	2	14	0.00443740095087163	LGG
BS_1HFK0SXV	3416	12	7	19	0.00556206088992974	CPG
BS_1HYS8CSC	937	13	2	15	0.016008537886873	LGG
BS_1J2WQ08M	4506		11	11	0.00244118952507767	EPN
BS_1JDG6JV5	4249	6	4	10	0.00235349493998588	LGG
BS_1JNJ0NJ6	1232	50	3	53	0.0430194805194805	CPG
BS_1N76FQZY	1691	15	4	19	0.0112359550561798	LGG
BS_1NPD7PVG	3082	6	2	8	0.00259571706683971	GNG
BS_1QNTEZPS	4023		4	4	0.000994282873477504	ATRT
BS_1QXEC43H	4014	6	7	13	0.00323866467364225	MB
BS_1RXZ3BP7	4060	2	5	7	0.00172413793103448	LGG
BS_1TWCV047	3805	1	54	55	0.0144546649145861	MB
BS_1VNMJHMN	1580	11	5	16	0.010126582278481	LGG
BS_1XFFNFY0	1816	29	1	30	0.0165198237885463	EPN
BS_1Z2CNQEC	641	25	5	30	0.046801872074883	MB
BS_1Z9AX9JS	1068	17	3	20	0.0187265917602996	LGG
BS_1ZVXF5FE	3584	3	14	17	0.00474330357142857	LGG
BS_1ZWSD3YQ	1704	40	8	48	0.028169014084507	MB
BS_21ET39G7	4336	3	12	15	0.00345940959409594	HGG
BS_21RE8W46	4463	6	211	217	0.0486220031369034	LGG
BS_21XGYWWV	2441	59	7	66	0.0270380991396968	LGG
BS_22078RXH	1087	21		21	0.0193192272309108	CPG
BS_22B80N9T	4108	4	1289	1293	0.31475170399221	MB
BS_22QMSCFR	1238	45	79	124	0.10016155088853	MB
BS_238MGRTM	1098	44	10	54	0.0491803278688525	EPN
BS_23QW0BBA	3289	6	1	7	0.00212830647613256	HGG
BS_23W9EPFE	3215	23	202	225	0.0699844479004666	GNG
BS_24AHZ9ZW	4138	3	3	6	0.0014499758337361	LGG
BS_258RRGDM	3079	8	5	13	0.00422215004871712	GNG
BS_25KYGJ71	1457	34	5	39	0.0267673301304049	HGG
BS_26H7DZD4	1284	26	20	46	0.0358255451713396	MB
BS_2720P44V	3236		11	11	0.00339925834363412	LGG
BS_27FYYPJG	1137	14		14	0.0123131046613896	GNG
BS_27QE6BV7	3727	5	9	14	0.00375637241749396	GNG
BS_2853394H	3157	15	92	107	0.0338929363319607	HGG
BS_297H8BT4	927	7	2	9	0.00970873786407767	HGG
BS_29CPJ040	3204	5	3	8	0.00249687890137328	LGG
BS_29TRQXWM	1625	20	3	23	0.0141538461538462	LGG
BS_29X4ZX6Q	4202	4	25	29	0.00690147548786292	HGG
BS_29YQ60CP	3571	16	897	913	0.255670680481658	MB
BS_2A5R9MEJ	4179	1	5	6	0.00143575017946877	HGG
BS_2ADZNNV4	2843	4	6	10	0.00351741118536757	LGG
BS_2AR3AP0N	3508	2	2	4	0.00114025085518814	GNG
BS_2ARXK0TD	3785	4	171	175	0.0462351387054161	HGG
BS_2AV1H5TV	374	15	26	41	0.109625668449198	HGG
BS_2CW8AGZ2	2339	54	10	64	0.0273621205643437	CPG
BS_2D1R9SBY	1954	85	63	148	0.0757420675537359	GNG
BS_2E9VDD00	276	14	4	18	0.0652173913043478	LGG
BS_2EDZ7F2G	298	9	7	16	0.0536912751677852	HGG
BS_2EMW8ZG3	2353	15	2	17	0.00722481937951551	LGG
BS_2EN3X6HB	1222	10	3	13	0.0106382978723404	HGG
BS_2FEZWH1F	3287	20	19	39	0.0118649224216611	HGG
BS_2G4EH95X	2984	11	5	16	0.00536193029490617	MB
BS_2GSAPE1R	322	22	13	35	0.108695652173913	HGG
BS_2HNXVFAS	4405	11	182	193	0.0438138479001135	HGG
BS_2JP7RBMB	3781	1	24	25	0.00661200740544829	HGG
BS_2K01T8K6	3308	7	54	61	0.0184401451027811	HGG
BS_2KJ2YAZR	3965	1	3	4	0.00100882723833544	LGG
BS_2M4174KG	1551	26	5	31	0.0199871050934881	MB
BS_2QCQYY6M	853	49	25	74	0.0867526377491207	GNG
BS_2R9HK6YY	1636	13	1	14	0.00855745721271394	LGG
BS_2R9TCR03	3095	11	5	16	0.00516962843295638	LGG
BS_2SFTWNVE	4634		15	15	0.00323694432455762	MB
BS_2T5PJAW8	1045	23	4	27	0.0258373205741627	HGG
BS_2WANPFBJ	2187	66	171	237	0.108367626886145	HGG
BS_2WPQ8YCW	2623	5	5	10	0.00381242851696531	LGG
BS_2XM08BFY	1649	18	3	21	0.0127349909035779	LGG
BS_2YCJV2VV	3015	7	1	8	0.00265339966832504	LGG
BS_2Z1MKS84	4497	3	6	9	0.00200133422281521	MB
BS_304SPN6B	1826	10	2	12	0.00657174151150055	LGG
BS_30F3Z9FS	4327	1	396	397	0.0917494800092443	HGG
BS_30VC3R2Q	3687	1	6	7	0.00189856251695145	HGG
BS_30YWQ3FY	2912	18	364	382	0.131181318681319	HGG
BS_31MBRWC4	3832	3	561	564	0.147181628392484	HGG
BS_31TF0P1N	2509	30	5	35	0.013949780789159	ATRT
BS_333KCNDP	3538	5	280	285	0.0805539853024308	HGG
BS_33AQSPRP	1038	50	22	72	0.069364161849711	LGG
BS_34201DKZ	3307	34	2	36	0.0108859993952223	EPN
BS_34CAMM62	1454	25	2	27	0.0185694635488308	MB
BS_397XFJY9	383	26	3	29	0.0757180156657963	MB
BS_399RPKC9	4040	3	4	7	0.00173267326732673	HGG
BS_3A9BTVZJ	1732	22	14	36	0.0207852193995381	EPN
BS_3AC3SRWH	337	15	17	32	0.0949554896142433	HGG
BS_3BVVWHP5	2445	32	5	37	0.0151329243353783	LGG
BS_3EVSN5QD	2202	19	2	21	0.00953678474114441	LGG
BS_3F5PR9GS	3747	4	34	38	0.0101414464905258	MB
BS_3G3KWY18	3242	6	1	7	0.00215916101172116	LGG
BS_3GAN6Q43	2133	70	17	87	0.0407876230661041	LGG
BS_3GDARCHK	3880	8	304	312	0.0804123711340206	CPG
BS_3HGBZBGA	1008	14	9	23	0.0228174603174603	CPG
BS_3J89DCN0	1172	19	839	858	0.732081911262799	HGG
BS_3MS8WVNR	4143	3	2	5	0.00120685493603669	HGG
BS_3MYEMXPQ	3641	5	18	23	0.00631694589398517	MB
BS_3N2YFZFB	3881	4	1331	1335	0.343983509404793	MB
BS_3NQB12XN	3047	100	25	125	0.041023957991467	EPN
BS_3NWQXPQV	3853	10	72	82	0.0212821178302621	MB
BS_3P20Q2C3	4299		33	33	0.00767620376831821	LGG
BS_3PYESPHA	2275	18		18	0.00791208791208791	GNG
BS_3Q0GTSYH	3167	7	4	11	0.00347331859804231	LGG
BS_3RAM3K7B	3507	21	7	28	0.00798403193612774	MB
BS_3SZZ50WB	1923	24	4	28	0.0145605824232969	MB
BS_3TFMJH30	134	12		12	0.0895522388059701	LGG
BS_3TJHY996	1728	20	3	23	0.0133101851851852	GNG
BS_3TQSE8HF	3613	6	4	10	0.00276778300581234	LGG
BS_3V3KE3VT	4333	2	68	70	0.0161550888529887	MB
BS_3VJ0CA6A	1897	9		9	0.00474433315761729	LGG
BS_3W07B2TG	3656	5	3	8	0.00218818380743982	LGG
BS_3X9WMZGJ	2288	25	7	32	0.013986013986014	EPN
BS_3XY76V8T	3736	7		7	0.00187366167023555	GNG
BS_3XYJBBHQ	1749	36	10	46	0.0263007432818754	HGG
BS_3Y2X2RBJ	3012	15	7	22	0.00730411686586985	LGG
BS_3ZPJAK9A	3037	23	147	170	0.0559762923938097	HGG
BS_401R3KV0	3708		3	3	0.000809061488673139	LGG
BS_418N847Z	2199	36	1	37	0.0168258299226921	EPN
BS_41YS708B	2756	10	3	13	0.00471698113207547	CPG
BS_42DY6WS7	4067		5	5	0.00122940742562085	LGG
BS_42Y3YANN	3980		3	3	0.000753768844221105	LGG
BS_45J79YTF	3425	5	8	13	0.0037956204379562	HGG
BS_46MF83WA	1415	36	4	40	0.0282685512367491	MB
BS_470DYRJQ	3664	3	3	6	0.00163755458515284	LGG
BS_474A88X1	424	20	4	24	0.0566037735849057	LGG
BS_478TN841	3612	4	2	6	0.00166112956810631	GNG
BS_47SJZ3PH	3121	1	5	6	0.00192246074975969	LGG
BS_49852ZBH	3899	8	7	15	0.00384714029238266	LGG
BS_49BQS7Z6	3541	13		13	0.00367127929963287	HGG
BS_49CJNZ06	3759	31	13	44	0.0117052407555201	HGG
BS_49FQXT2E	3497	7		7	0.0020017157563626	HGG
BS_4A45GGSW	3880		1	1	0.000257731958762887	LGG
BS_4B0BAVTX	3910	8	1	9	0.00230179028132992	HGG
BS_4BM3F6XJ	1404	19	8	27	0.0192307692307692	HGG
BS_4BWB0FA0	3396	15	11	26	0.00765606595995289	LGG
BS_4C4MZ4NT	2866	5	3	8	0.00279134682484299	LGG
BS_4C6B11E4	3031	1	22	23	0.00758825470141867	HGG
BS_4CP4T22V	3585	3	29	32	0.00892608089260809	MB
BS_4CXE5XEP	1565	14	3	17	0.0108626198083067	LGG
BS_4D9DD103	4515	5	9	14	0.00310077519379845	MB
BS_4E1G7E3G	4322	41	702	743	0.171911152244331	ATRT
BS_4EN8D8Y4	3941	3	15	18	0.00456736868815022	LGG
BS_4FZS7TX4	1473	28		28	0.0190088255261371	EPN
BS_4GNN7J8E	3324	9	30	39	0.0117328519855596	HGG
BS_4HQ3T2NC	3951	1	2	3	0.000759301442672741	LGG
BS_4K2TNJ8R	455	34	9	43	0.0945054945054945	LGG
BS_4KNBXM3C	3431	17	69	86	0.0250655785485281	HGG
BS_4N1GNHX4	1433	25	8	33	0.0230286113049546	LGG
BS_4NF35AF6	3764	3	4	7	0.00185972369819341	LGG
BS_4NWHYH53	1590	9	3	12	0.00754716981132075	EPN
BS_4PBXY1E3	3241	40	8	48	0.0148102437519284	MB
BS_4PH1MBGR	4446	2	14	16	0.0035987404408457	MB
BS_4PPHAQXF	2797	4	11	15	0.00536288880943868	HGG
BS_4PWDGEB0	1876	15	7	22	0.011727078891258	HGG
BS_4QW2S1Q8	4026	2	5	7	0.00173869846000994	HGG
BS_4SCWT0FX	2637	5	2	7	0.00265453166477057	EPN
BS_4T0HPZDC	3199	27	7	34	0.010628321350422	EPN
BS_4T0HQ9QF	1804	32	12	44	0.024390243902439	HGG
BS_4TZQY7TT	456	19	7	26	0.0570175438596491	LGG
BS_4V42BXBT	3289	25	18	43	0.0130738826391	HGG
BS_4W1PKKYD	1463	20	6	26	0.0177717019822283	LGG
BS_4W68NV3M	4114	5	89	94	0.0228488089450656	MB
BS_4XH092HE	3629	28	9	37	0.0101956461835216	LGG
BS_4Y2JAQTS	1815	52	9	61	0.0336088154269972	GNG
BS_4Y6BCYK5	3010	17	1	18	0.00598006644518272	LGG
BS_4Y93HVP4	2481	6	5	11	0.00443369609028618	LGG
BS_4Z2F4P9N	4541	1	12	13	0.00286280554943845	LGG
BS_503DZ8BN	2776	15	12	27	0.00972622478386167	LGG
BS_50S6TFFE	1256	58	6	64	0.0509554140127389	EPN
BS_516X056B	3578	6	533	539	0.150642817216322	MB
BS_51RA1PGE	3897	3	3	6	0.00153964588144727	HGG
BS_52426AMF	3674		1	1	0.000272182906913446	LGG
BS_52C576HH	4331	2	5	7	0.00161625490648811	HGG
BS_52DAPP1Y	2505	1	7	8	0.0031936127744511	LGG
BS_52MPKTJH	4066	7	115	122	0.030004918839154	HGG
BS_534XRSNB	2656	6	16	22	0.00828313253012048	LGG
BS_53GQKVEX	3491	5	3	8	0.00229160698940132	LGG
BS_53KFK3G0	3073	7	12	19	0.00618288317604946	ATRT
BS_53M8PP88	3542	9	6	15	0.00423489553924337	EPN
BS_54CFNJ16	811	52	29	81	0.0998766954377312	HGG
BS_54H90JW2	1709	16	3	19	0.0111176126389702	LGG
BS_55JW3HFM	4376	1	2	3	0.000685557586837294	GNG
BS_55P8HPYD	3440	3	5	8	0.00232558139534884	LGG
BS_55X1W2MR	444	34	10	44	0.0990990990990991	GNG
BS_57NMZPS0	1192	20	3	23	0.0192953020134228	LGG
BS_58AJ8F56	1898	22	168	190	0.100105374077977	HGG
BS_58N4Y4ZJ	1918	20	7	27	0.0140771637122002	MB
BS_58YXHGAJ	3128	2	10	12	0.00383631713554987	HGG
BS_593HEWBF	3455	1	4	5	0.00144717800289436	GNG
BS_5965SFPZ	3035	7	2	9	0.00296540362438221	HGG
BS_596QRYFP	1792	5	2	7	0.00390625	HGG
BS_5G5BD2MD	711	31	5	36	0.0506329113924051	HGG
BS_5J5D3QTD	2445	65	15	80	0.032719836400818	LGG
BS_5JM573JC	3905	15	59	74	0.0189500640204866	GNG
BS_5K3R0F5D	3207	9	4	13	0.00405363267851575	GNG
BS_5K95FX4C	3945	9	49	58	0.014702154626109	HGG
BS_5KBXD2GQ	1476	41	33	74	0.0501355013550136	HGG
BS_5NWDARXG	3623	2	3	5	0.00138007176373171	LGG
BS_5PJCHF6V	3935	7	38	45	0.01143583227446	MB
BS_5PV5N4HQ	3599			0	0	LGG
BS_5SWXR2QQ	779	39	4	43	0.055198973042362	EPN
BS_5VPM0F36	3317	6	4	10	0.00301477238468496	HGG
BS_5VQP0E6K	4052	2	8	10	0.00246791707798618	MB
BS_5YJEPPTP	3022	1	3	4	0.00132362673726009	LGG
BS_5YYCP891	871	29	4	33	0.0378874856486797	LGG
BS_5ZD8FRPJ	4342	10	605	615	0.14163979732842	MB
BS_60DX1WQ5	331	18	2	20	0.0604229607250755	LGG
BS_613KQVAE	1306	73	8	81	0.0620214395099541	EPN
BS_61E80SD6	4241	2	47	49	0.0115538788021693	MB
BS_62SW4CC5	2976	17	182	199	0.0668682795698925	HGG
BS_63F8QR26	392	13	1	14	0.0357142857142857	LGG
BS_63JT39PX	1659	12	1	13	0.00783604581072935	LGG
BS_65A41ZQJ	4021	7	57	64	0.0159164386968416	ATRT
BS_65WPD3DA	3876	10	649	659	0.170020639834881	HGG
BS_66ABA973	2918	5	5	10	0.00342700479780672	LGG
BS_66HQ3E4Z	3449	1	4	5	0.00144969556393157	LGG
BS_67V4F080	2858	31	46	77	0.0269419174247726	HGG
BS_67Z63A2K	3547	10	5	15	0.00422892585283338	EPN
BS_680K119G	2597	16	1	17	0.006546014632268	GNG
BS_68BW2163	3010	10	11	21	0.00697674418604651	LGG
BS_68KX6A42	4626	3	17	20	0.00432338953739732	HGG
BS_699TN5RN	3914	3	11	14	0.00357690342360756	GNG
BS_6AB299R2	3238	37	3	40	0.0123533045089561	MB
BS_6AFD49QR	2447	22	5	27	0.0110339190845934	EPN
BS_6AQ5RR83	1667	49	5	54	0.0323935212957408	EPN
BS_6BGES4ZG	2110	42	25	67	0.0317535545023697	HGG
BS_6BHX3P3N	1321	35	26	61	0.0461771385314156	ATRT
BS_6BQ2Q78K	1136	28	2	30	0.0264084507042254	MB
BS_6DCSD5Y6	4056	12	1197	1209	0.298076923076923	HGG
BS_6EW6X0J0	1826	14	7	21	0.011500547645126	MB
BS_6G6C7VPX	3656	7	6	13	0.00355579868708972	ATRT
BS_6H1C1ME9	4032	1	4	5	0.00124007936507937	EPN
BS_6H4Q24WA	3786	9	44	53	0.0139989434759641	HGG
BS_6HXD39AM	2514	15	2	17	0.00676213206046142	GNG
BS_6KBHF52X	1006	24	4	28	0.0278330019880716	ATRT
BS_6M2053M0	1832		3	3	0.00163755458515284	HGG
BS_6MZ7FRZH	3863	4	3	7	0.00181206316334455	EPN
BS_6N3AFF66	2199	5	5	10	0.0045475216007276	LGG
BS_6N7YE1A4	2393	79	64	143	0.0597576264103636	EPN
BS_6NBTFA33	935	26	1	27	0.0288770053475936	CPG
BS_6NTXGQAC	3902	6	48	54	0.0138390568939006	GNG
BS_6P50QTPP	2571	10	1	11	0.00427849085958771	LGG
BS_6PWHC64Y	2832	8	8	16	0.00564971751412429	MB
BS_6RX2743N	2275	28	8	36	0.0158241758241758	MB
BS_6SY64H5J	3698	11	196	207	0.0559762033531639	HGG
BS_6TSAVMT9	2845	53	12	65	0.0228471001757469	LGG
BS_6VF6VPCG	2898	4	4	8	0.00276052449965493	LGG
BS_6VRG1XFB	1684	31	7	38	0.0225653206650831	HGG
BS_6VW8FC7Z	2323	42	5	47	0.0202324580284115	LGG
BS_6W0VHGQE	2128	28	19	47	0.0220864661654135	MB
BS_6WP1FHTE	3167	2	3	5	0.00157878118092832	HGG
BS_6XHRA95C	911	31	27	58	0.0636663007683864	MB
BS_71GFQYV5	1898	36	177	213	0.112223393045311	LGG
BS_7327SDAQ	3942	7	3	10	0.00253678335870117	HGG
BS_74FS6GMW	4241	1	14	15	0.00353690167413346	ATRT
BS_74G5K7JF	1431	11		11	0.0076869322152341	EPN
BS_75YRDXET	3755	9	61	70	0.018641810918775	HGG
BS_769BDPDB	3224	7	2	9	0.00279156327543424	LGG
BS_76DRXZRJ	2176	14	2	16	0.00735294117647059	LGG
BS_77317DY4	4385	21	601	622	0.141847206385405	MB
BS_775HDFNY	3831	1	4	5	0.0013051422605064	LGG
BS_77CDMEY4	3450	1	2	3	0.000869565217391304	GNG
BS_77SBTNPN	2909	40	6	46	0.0158129941560674	HGG
BS_78QX3XDF	3989	1	51	52	0.0130358485836049	CPG
BS_78SCX2N9	1692	19	8	27	0.0159574468085106	MB
BS_7APCGCVF	1302	26	122	148	0.113671274961598	HGG
BS_7ARDVFCP	1941	24	2	26	0.0133951571354972	LGG
BS_7B89YR6K	3783	24	255	279	0.0737509912767645	EPN
BS_7BTZQKYY	4751	24	10	34	0.00715638812881499	EPN
BS_7C40TRCY	3871	6	6	12	0.00309997416688194	MB
BS_7FKE2YPB	2397	76	7	83	0.0346266166040884	EPN
BS_7FWZ518S	3713	10	4	14	0.00377053595475357	MB
BS_7G42J2SK	2287	15	1	16	0.0069960647135986	EPN
BS_7GJT4A6A	3843	27	328	355	0.092375748113453	HGG
BS_7GKWKGPH	2240	15	42	57	0.0254464285714286	HGG
BS_7H4RFCW9	3668	2	5	7	0.00190839694656489	LGG
BS_7M3FNSYK	2062	20	1	21	0.010184287099903	LGG
BS_7MGXMG6S	4295	4	142	146	0.0339930151338766	LGG
BS_7N0B2CY1	2408	10	5	15	0.00622923588039867	GNG
BS_7P83Z28P	3875		9	9	0.00232258064516129	LGG
BS_7PVJ6Q3D	1826	23	3	26	0.0142387732749179	HGG
BS_7SMY657N	1498	17	2	19	0.0126835781041389	MB
BS_7T1J3KET	3161	4	1	5	0.00158177791838026	CPG
BS_7WKNNRHK	1492	30	1	31	0.0207774798927614	HGG
BS_7XQRH69M	3976	2	19	21	0.00528169014084507	MB
BS_7XRN3CFX	3145	13	2	15	0.00476947535771065	LGG
BS_7Z93ZYMS	3988			0	0	LGG
BS_81SP2HX4	3690	6	7	13	0.0035230352303523	MB
BS_83HGE3WV	2618	24	84	108	0.0412528647822765	MB
BS_84PYF22K	1149	17	2	19	0.0165361183637946	CPG
BS_84VZX732	849	38	58	96	0.113074204946996	HGG
BS_84XCR9GG	3885	3	14	17	0.00437580437580438	HGG
BS_850BAHH9	3146	5	4	9	0.00286077558804832	ATRT
BS_862NMAR7	4927	4	34	38	0.00771260401867262	HGG
BS_86Q14TZG	4418	1	4	5	0.00113173381620643	CPG
BS_880ESDFZ	1285	20	9	29	0.022568093385214	LGG
BS_8B2RAF9R	2343	63	46	109	0.0465215535638071	MB
BS_8BF616QR	2741	71	15	86	0.0313754104341481	LGG
BS_8D0NYM46	4218	1	11	12	0.00284495021337127	CPG
BS_8E8JKP01	3910	13	48	61	0.0156010230179028	HGG
BS_8ERBDF7D	4837	24	34	58	0.0119909034525532	HGG
BS_8GBH4QYB	501	17	5	22	0.0439121756487026	CPG
BS_8GW1TMV2	2370	6	4	10	0.00421940928270042	MB
BS_8H3S44QP	3581		117	117	0.0326724378665177	HGG
BS_8J3B6ZB6	3375	3	2	5	0.00148148148148148	LGG
BS_8K9YVM5G	2710	22	8	30	0.011070110701107	MB
BS_8PE0ZBXN	905	11	3	14	0.0154696132596685	LGG
BS_8PNA0V6R	3974	6	8	14	0.00352289884247609	HGG
BS_8Q4JWFKK	521	24		24	0.0460652591170825	LGG
BS_8Q7W9NSR	2324	16	7	23	0.00989672977624785	EPN
BS_8Q7Z32DD	53	3	4	7	0.132075471698113	LGG
BS_8QJ43WKW	1023	89	15	104	0.101661779081134	LGG
BS_8RCR7Y4B	4175	5	11	16	0.00383233532934132	LGG
BS_8RHPJ740	3335	35	1	36	0.0107946026986507	EPN
BS_8SKZ7BRN	4278	4	30	34	0.00794763908368396	LGG
BS_8T7DZV2F	1884	6	3	9	0.00477707006369427	MB
BS_8TR7980G	1144	22	2	24	0.020979020979021	LGG
BS_8TTMM7FE	4037	4	117	121	0.0299727520435967	MB
BS_8VAZSJEN	3050	1	3	4	0.00131147540983607	LGG
BS_8YWYN7VH	739	45	14	59	0.0798376184032476	HGG
BS_8Z3SCKB5	2859	12	1	13	0.00454704442112627	LGG
BS_8ZE4Z9G5	3562	34	40	74	0.0207748455923638	HGG
BS_8ZP3CBQA	4785	1	8	9	0.00188087774294671	EPN
BS_8ZS9F31R	1631	2		2	0.00122624156958921	HGG
BS_8ZY4GST0	2996	3	13	16	0.00534045393858478	HGG
BS_90B22NGP	4014	17	339	356	0.088689586447434	ATRT
BS_912NX4Y0	4061	6	17	23	0.00566362964786998	GNG
BS_9294WMET	2027	17	5	22	0.010853478046374	MB
BS_92HCM7BN	1163	5	2	7	0.0060189165950129	LGG
BS_92VDQ0NE	4736	3	20	23	0.00485641891891892	GNG
BS_9477AG24	1906	74	2	76	0.0398740818467996	LGG
BS_94MT16N2	3964	6	294	300	0.0756811301715439	LGG
BS_96BNRT9G	3340	10	20	30	0.00898203592814371	HGG
BS_9755PSCS	1867	10	6	16	0.00856989823245849	LGG
BS_975AWWJE	827	58	18	76	0.0918984280532043	EPN
BS_97GBG8T6	1155	11	6	17	0.0147186147186147	LGG
BS_97M1E2DW	3500	1	80	81	0.0231428571428571	HGG
BS_996ZS2A4	4010	1	7	8	0.00199501246882793	ATRT
BS_9A1YTHFF	3990	4	265	269	0.0674185463659148	HGG
BS_9B0A62MT	4078	8	275	283	0.0693967631191761	HGG
BS_9BJARSX3	3998	5	7	12	0.00300150075037519	LGG
BS_9CA93S6D	3639	17	980	997	0.273976367133828	HGG
BS_9D1XZKJE	1136	59	31	90	0.0792253521126761	EPN
BS_9DZ253JY	1559	24	76	100	0.064143681847338	LGG
BS_9F09XV62	3554	5	51	56	0.0157568936409679	LGG
BS_9FHEFJNP	884	25	8	33	0.0373303167420814	HGG
BS_9FHSNVS0	4342	20	568	588	0.135421464762782	ATRT
BS_9GJ3DB1H	4207	6	595	601	0.142857142857143	HGG
BS_9H1684FJ	1499	51	10	61	0.0406937958639093	CPG
BS_9H7A00PV	3560	63	26	89	0.025	GNG
BS_9HSGV9TJ	2552	16	6	22	0.00862068965517241	LGG
BS_9JBX2E8G	1283	35	2	37	0.0288386593920499	LGG
BS_9K1H3RPM	1087	15	1	16	0.0147194112235511	MB
BS_9M5XJ10G	3877	6	9	15	0.0038689708537529	MB
BS_9NJHQE9F	3641	5	33	38	0.0104366932161494	MB
BS_9NZ2D6AD	3549	5	7	12	0.00338123415046492	MB
BS_9P9MB8X8	3456	2	1	3	0.000868055555555556	LGG
BS_9PB3XH5D	4246	2	21	23	0.0054168629298163	MB
BS_9Q6Z6VJC	2785	10	4	14	0.00502692998204668	LGG
BS_9RT63JD9	3604	3	2	5	0.0013873473917869	LGG
BS_9S7AG4EN	1753	25	2	27	0.0154021677124929	LGG
BS_9SJWWYQ4	2416	2	2	4	0.00165562913907285	LGG
BS_9TXEDSWB	3917	35	48	83	0.0211896859841716	HGG
BS_9V633J1X	4511	7	49	56	0.0124140988694303	MB
BS_9XVACXP0	4231	1	28	29	0.00685417159064051	HGG
BS_9Y1K14Q5	1289	1	6	7	0.00543056633048875	HGG
BS_9YXH2CZ0	1287	16		16	0.0124320124320124	LGG
BS_9ZJT0CP0	4056	12	111	123	0.0303254437869822	HGG
BS_A0DYVX9J	1829	2	6	8	0.00437397484964461	HGG
BS_A13BMEF5	3583	1	1	2	0.000558191459670667	LGG
BS_A14Z8BBK	3394	6	7	13	0.00383028874484384	MB
BS_A1V3BH0Z	2254	67	19	86	0.0381543921916593	LGG
BS_A1VEGWTR	3751	1	8	9	0.00239936017062117	LGG
BS_A2YNJVVG	1948	27	7	34	0.0174537987679671	LGG
BS_A46RDWGM	3323	4	3	7	0.00210653024375564	LGG
BS_A52V3XJM	3674	18	871	889	0.241970604246053	MB
BS_A6NXR7RC	2591	2	105	107	0.0412967966036279	HGG
BS_A76PNWQS	2482	11	27	38	0.0153102336825141	LGG
BS_A7MC2KR2	4094	4	2	6	0.00146555935515388	CPG
BS_A7Q8G0Y1	2844	5	116	121	0.0425457102672293	HGG
BS_A7W82CVE	514	24	14	38	0.0739299610894942	LGG
BS_A87NPZAP	3805	9	563	572	0.150328515111695	MB
BS_A8XW5S0W	3895	3	231	234	0.0600770218228498	HGG
BS_A96FKXN5	1047	16	6	22	0.0210124164278892	LGG
BS_ABYF92Z9	4041	2	4	6	0.00148478099480327	CPG
BS_AD4JPN9Q	3516	6	1	7	0.00199089874857793	GNG
BS_ADEE1SN5	1889	29	4	33	0.0174695606140815	EPN
BS_AG3D3435	2557	17		17	0.00664841611263199	LGG
BS_AGTPCRR4	2267	27	3	30	0.0132333480370534	EPN
BS_AHEFXG7W	3445	6	4	10	0.00290275761973875	MB
BS_AKNF1CJX	788	21	4	25	0.0317258883248731	ATRT
BS_AKRHBPNZ	4163	5	49	54	0.0129714148450637	GNG
BS_AKT8HK8J	2280	9	2	11	0.00482456140350877	LGG
BS_AM0BZ61K	438	24	7	31	0.0707762557077626	LGG
BS_AM70R8RG	4484	1	27	28	0.00624442462087422	MB
BS_AMZ70B6F	3849	3	4	7	0.00181865419589504	MB
BS_AP0SZ364	3876		3	3	0.000773993808049536	LGG
BS_AP814Q8D	1386	63	6	69	0.0497835497835498	EPN
BS_ARBQDTT5	3106	1	6	7	0.00225370251126851	LGG
BS_ATHSTZ5R	1400	9	5	14	0.01	LGG
BS_AV9PD1CR	514	15	10	25	0.0486381322957198	LGG
BS_AVYNZHSB	2481	6	6	12	0.00483675937122128	LGG
BS_AW7J9F9R	941	58	42	100	0.106269925611052	LGG
BS_AWH9757B	4357	1	8	9	0.00206564149644251	HGG
BS_AWJFW3W5	3050	43	1	44	0.0144262295081967	MB
BS_AYSXRQWY	2077	25	12	37	0.0178141550312951	HGG
BS_AZQM1JJH	3932	4	541	545	0.138606307222787	HGG
BS_B0SVFK4P	4219	12	116	128	0.0303389428774591	LGG
BS_B1C6GZ84	3272	5	3	8	0.00244498777506112	HGG
BS_B1HF89ES	3438	21	16	37	0.0107620709714951	HGG
BS_B1HVNV0T	3673	12	9	21	0.00571739722297849	ATRT
BS_B1J776DQ	373	24	2	26	0.0697050938337802	LGG
BS_B2QMR6Z9	2445	32	8	40	0.016359918200409	LGG
BS_B3M5SGPA	2857	24	5	29	0.0101505075253763	LGG
BS_B3MQFFYP	1134	24	3	27	0.0238095238095238	HGG
BS_B4R7X1KE	4205	9	20	29	0.00689655172413793	HGG
BS_B53Z0T1Q	3447	2	4	6	0.00174064403829417	CPG
BS_B57327NA	916	14	36	50	0.0545851528384279	HGG
BS_B5JM6T8K	1570	33	1	34	0.021656050955414	LGG
BS_B6JKQFKA	736	24	2	26	0.0353260869565217	LGG
BS_B6M763JS	3481	6	6	12	0.0034472852628555	LGG
BS_B7GEH89C	2797	4	15	19	0.00679299249195567	LGG
BS_B7X8VXQ3	2713	5	4	9	0.00331736085514191	GNG
BS_BA6AZWB3	4260	4	30	34	0.007981220657277	MB
BS_BANCTAV6	3718	54	121	175	0.0470683162990855	LGG
BS_BBAEMXRD	3098	1	323	324	0.10458360232408	HGG
BS_BBQ6BHGN	1455	53	6	59	0.0405498281786942	HGG
BS_BC936YNZ	2351	3	2	5	0.00212675457252233	LGG
BS_BD2TNN61	935	14	6	20	0.0213903743315508	ATRT
BS_BE1WV2B2	2002	6	4	10	0.004995004995005	MB
BS_BE6EZQHP	1925	40	7	47	0.0244155844155844	MB
BS_BEKKNDWB	1601	20	4	24	0.0149906308557152	MB
BS_BGFDW0VM	735	18	5	23	0.0312925170068027	ATRT
BS_BHR08WGW	3444	5	2	7	0.00203252032520325	CPG
BS_BJBM0BN7	1545	27	9	36	0.0233009708737864	LGG
BS_BJDNWMJH	2896	19	2	21	0.00725138121546961	EPN
BS_BK0HGRXM	3424	5	22	27	0.00788551401869159	HGG
BS_BKQZ550R	3651	3		3	0.000821692686935086	LGG
BS_BMMY0H73	3134	5	9	14	0.00446713465220166	HGG
BS_BN3VGJP0	930	18	64	82	0.0881720430107527	ATRT
BS_BN986DF6	4165		29	29	0.00696278511404562	LGG
BS_BNECCX4D	2699	9	5	14	0.00518710633567988	LGG
BS_BPKRC55C	453	45	10	55	0.121412803532009	EPN
BS_BPM1MRGT	1405	35	7	42	0.0298932384341637	LGG
BS_BPSTSCBJ	4075	3	5	8	0.00196319018404908	LGG
BS_BPWEFR89	4111	6	8	14	0.00340549744587692	MB
BS_BSMKSA87	1139	50	2	52	0.0456540825285338	CPG
BS_BSV07M7Z	3942	7	4	11	0.00279046169457128	MB
BS_BVSW4GTG	3589	2	12	14	0.00390080802451936	MB
BS_BW1Z7QQY	767	55	1	56	0.0730117340286832	EPN
BS_BW79W2PD	3422	22	462	484	0.141437755698422	LGG
BS_BYBG9F2X	1208	17	4	21	0.0173841059602649	EPN
BS_C05FKR8X	3570	15	7	22	0.0061624649859944	EPN
BS_C0GQVFWA	1727	43	22	65	0.0376375217139548	MB
BS_C0NEVC2B	1380	35		35	0.0253623188405797	GNG
BS_C0XFDP38	3080	13	2	15	0.00487012987012987	CPG
BS_C3NW374Q	798	59	9	68	0.0852130325814536	HGG
BS_C3P5BC92	3005	22	23	45	0.0149750415973378	CPG
BS_C41DJZ1F	3812	5	81	86	0.0225603357817419	HGG
BS_C51RB0YR	3183	12	3	15	0.00471253534401508	LGG
BS_C6SKJG3N	3762	1	4	5	0.0013290802764487	LGG
BS_C6ZZ3FY5	1490	7	4	11	0.00738255033557047	HGG
BS_C7A2TYAC	3811	2	4	6	0.00157438992390449	LGG
BS_C80S5N37	3412	14	6	20	0.00586166471277843	EPN
BS_C83TK159	2343	1	7	8	0.00341442594963722	HGG
BS_C853MJT4	962	28	8	36	0.0374220374220374	MB
BS_C8KEG501	810	15	5	20	0.0246913580246914	LGG
BS_C8ME4RZA	1540	33	5	38	0.0246753246753247	CPG
BS_C8RVHTVV	3790	36	30	66	0.0174142480211082	MB
BS_CB6VK7PB	4408		4	4	0.000907441016333938	LGG
BS_CC6RREE4	2127	30	2	32	0.0150446638457922	GNG
BS_CCBW38BM	2111	47	3	50	0.0236854571293226	MB
BS_CE7C68FX	569	52	26	78	0.137082601054482	EPN
BS_CF63VG3S	4290	5	206	211	0.0491841491841492	HGG
BS_CFCWWFKG	683	54	12	66	0.0966325036603221	CPG
BS_CFD3WHAY	1421	13	2	15	0.0105559465165376	HGG
BS_CG1RG607	3689	22	301	323	0.0875576036866359	HGG
BS_CG6R2RED	3849	15	603	618	0.160561184723305	MB
BS_CGB2WS2A	3572	1	2	3	0.00083986562150056	LGG
BS_CH8Q6FCN	936	40	4	44	0.047008547008547	LGG
BS_CHDGRYHJ	1839	9	6	15	0.00815660685154975	MB
BS_CKKY5S4M	839	60	17	77	0.0917759237187128	MB
BS_CM14SRVX	3444	52	17	69	0.0200348432055749	GNG
BS_CMDJJQ7K	782	16		16	0.020460358056266	LGG
BS_CN0GW92K	2030	42	11	53	0.0261083743842365	MB
BS_CN797XGY	1159	35	5	40	0.0345125107851596	EPN
BS_CPWBFHAC	3369	9	15	24	0.00712377560106857	LGG
BS_CRG16D94	1390	20	4	24	0.0172661870503597	ATRT
BS_CS170P7T	3956	2	98	100	0.0252780586450961	LGG
BS_CTR5X93B	2868	3	6	9	0.00313807531380753	LGG
BS_CV8J6WK8	1215	24	5	29	0.0238683127572016	CPG
BS_CVEDJGHZ	4273	2	219	221	0.0517201029721507	HGG
BS_CVGFNCBJ	3299	14	10	24	0.0072749317975144	LGG
BS_CVGPSXV7	1168	37	3	40	0.0342465753424658	LGG
BS_CX7NH77G	738	13	1	14	0.018970189701897	LGG
BS_CXAQDK7S	2354	24	8	32	0.0135938827527613	HGG
BS_CXVJK2FY	4009	8	12	20	0.00498877525567473	EPN
BS_CZ3ER8DY	1991	8	2	10	0.00502260170768458	EPN
BS_CZ3NA7KV	1495	7	2	9	0.00602006688963211	EPN
BS_CZPQ493E	4575	28	187	215	0.0469945355191257	HGG
BS_D144EJRQ	3566	11	9	20	0.00560852495793606	MB
BS_D2K9C7XR	4047	1	6	7	0.00172967630343464	CPG
BS_D3YBV7KB	3597	6	4	10	0.00278009452321379	LGG
BS_D46WVFCP	2760	18	4	22	0.00797101449275362	MB
BS_D48301X5	2270	51	6	57	0.0251101321585903	EPN
BS_D4VNDNQA	3026	17	32	49	0.0161929940515532	HGG
BS_D5NQV7N5	2271	12	6	18	0.00792602377807133	CPG
BS_D6J2BGDJ	2680	1	206	207	0.0772388059701493	HGG
BS_DB75RPCD	3771	63	25	88	0.0233359851498276	HGG
BS_DEHJF4C7	4070	3	1	4	0.000982800982800983	LGG
BS_DFGS950G	3092	4	137	141	0.045601552393273	HGG
BS_DFWFBYSN	3350	6	8	14	0.00417910447761194	MB
BS_DGWXNSPK	1893	27	2	29	0.0153195985208664	GNG
BS_DHA5FMVW	4189	2	11	13	0.00310336595846264	ATRT
BS_DK87G2MP	2758	45	489	534	0.19361856417694	HGG
BS_DMJHAG9X	793	14		14	0.0176544766708701	LGG
BS_DMZP9G1H	3250	4	3	7	0.00215384615384615	GNG
BS_DNZVP92S	2415	3	10	13	0.00538302277432712	HGG
BS_DPA539AJ	1577	29	6	35	0.0221940393151554	MB
BS_DPF1CX0G	2786	14	1	15	0.0053840631730079	LGG
BS_DR079H0D	3364	4	580	584	0.173602853745541	HGG
BS_DRD9QXR5	4282	6	5	11	0.00256889304063522	CPG
BS_DS1HY9A0	1284	25	6	31	0.0241433021806854	ATRT
BS_DS438CXE	4131	10	10	20	0.00484144274993948	HGG
BS_DS4Z2VBP	4059	13	139	152	0.0374476472037448	EPN
BS_DSPVSM7D	1083	5	157	162	0.149584487534626	HGG
BS_DSS3S5XD	3581	7	1	8	0.00223401284557386	LGG
BS_DV86M0Y7	4332	1	29	30	0.00692520775623269	LGG
BS_DZ4B5A40	3871	19	16	35	0.00904159132007233	LGG
BS_DZFV0CFA	303	35	5	40	0.132013201320132	GNG
BS_DZNXFPH1	1237	40	7	47	0.0379951495553759	HGG
BS_E054DFJN	2529	27	4	31	0.0122578094108343	CPG
BS_E0XXZRKS	2224	86	17	103	0.0463129496402878	LGG
BS_E0ZEECZ6	1730	28	1	29	0.0167630057803468	ATRT
BS_E1B3BKYA	2832	49	15	64	0.0225988700564972	LGG
BS_E1CGF3KV	3419	8	7	15	0.00438724773325534	LGG
BS_E2B5BJ7A	1666	23		23	0.0138055222088836	EPN
BS_E2DEWCSK	1031	11		11	0.0106692531522793	LGG
BS_E3BAT4C1	4019	1	19	20	0.00497636227917392	MB
BS_E3EJHXQV	2284	3	4	7	0.00306479859894921	LGG
BS_E4F1D721	3281	20	5	25	0.00761962816214569	EPN
BS_E4QK839R	3447	14	8	22	0.00638236147374529	LGG
BS_E67QTP84	2035	7	9	16	0.00786240786240786	MB
BS_E6DT3HPT	196	11	6	17	0.086734693877551	LGG
BS_E7NVYA6G	3334	27	141	168	0.0503899220155969	HGG
BS_EB0XRBT9	3008	4	21	25	0.00831117021276596	HGG
BS_EBMCTR80	3145	5	2	7	0.00222575516693164	LGG
BS_ECGQWHNQ	2059	34	4	38	0.0184555609519184	LGG
BS_ECNBQ2RA	1839	5	72	77	0.0418705818379554	HGG
BS_ECP485VV	2056	30	25	55	0.0267509727626459	MB
BS_ED8G98XT	3228	22	31	53	0.0164188351920694	HGG
BS_EFE4YEK3	4042	4	25	29	0.00717466600692726	MB
BS_EFEZB0ZH	3164	9	6	15	0.00474083438685209	LGG
BS_EHVYJAVA	4103	2	6	8	0.00194979283451133	LGG
BS_EJSWEM34	1354	29	5	34	0.0251107828655835	CPG
BS_EK5PCKY0	983	19	5	24	0.0244150559511699	EPN
BS_EMAJ7P3P	2232	58	8	66	0.0295698924731183	LGG
BS_EMMF4PZX	4130	5	26	31	0.00750605326876513	CPG
BS_EMYET8F4	4016	11	15	26	0.00647410358565737	EPN
BS_EN2VK7NY	3908	1		1	0.000255885363357216	LGG
BS_ENEYB4TG	3742	5	21	26	0.00694815606627472	HGG
BS_ENX83H9Z	3238	15	16	31	0.00957381099444101	HGG
BS_EQKYB3JB	1192	25	20	45	0.037751677852349	MB
BS_ERJAJ0KA	4533	1	22	23	0.00507390249283036	GNG
BS_ERJT2RFF	592	36	39	75	0.126689189189189	LGG
BS_ERWT0ZWE	4030		24	24	0.00595533498759305	MB
BS_ET8CJXSF	3671	3	3	6	0.00163443203486788	LGG
BS_ETDCPRAM	1812	45	10	55	0.0303532008830022	CPG
BS_ETM3DW4J	1328	27	1	28	0.0210843373493976	EPN
BS_EVCAC3NH	1459	8	4	12	0.00822481151473612	EPN
BS_EWC2NGHN	2149	50	5	55	0.0255932992089344	EPN
BS_EXPJQZTH	3164	2	80	82	0.0259165613147914	HGG
BS_EXYHZ6D4	281	17	10	27	0.096085409252669	LGG
BS_EY2B6KD0	458	14	9	23	0.0502183406113537	LGG
BS_EYSS0ZDS	3022	15	8	23	0.00761085373924553	LGG
BS_EYYMKWB7	3163	14	5	19	0.00600695542206766	LGG
BS_EZ3147MX	4877	6	30	36	0.00738158704121386	HGG
BS_F0JB4EAK	2828	2	8	10	0.00353606789250354	HGG
BS_F0ZP45KB	1686	88	15	103	0.0610913404507711	GNG
BS_F1K9QTBS	838	10	1	11	0.013126491646778	LGG
BS_F21R36MM	3160	13	78	91	0.0287974683544304	HGG
BS_F349AQKV	617	12	1	13	0.0210696920583468	LGG
BS_F37P8QT7	58	3	2	5	0.0862068965517241	LGG
BS_F4E8R9VY	2426	14	5	19	0.0078318219291014	GNG
BS_F5QBVPP0	3012	23	9	32	0.0106241699867198	MB
BS_F65GWS21	1352	19	229	248	0.183431952662722	HGG
BS_F6V1Y4QS	3706	3	5	8	0.00215866162978953	LGG
BS_F6ZHHA54	678	26	14	40	0.0589970501474926	MB
BS_F77MGAQT	2642	13	108	121	0.0457986373959122	LGG
BS_F8N6CFQE	3671	1	2	3	0.000817216017433942	LGG
BS_F9Y4Z92G	3900	6	33	39	0.01	HGG
BS_FAQQ0GCQ	4402	1	7	8	0.00181735574738755	GNG
BS_FBRNNYCA	1711	23	2	25	0.0146113383985973	MB
BS_FCDAH728	3536	1	17	18	0.00509049773755656	HGG
BS_FEKM7X6Z	1357	24	14	38	0.028002947678703	CPG
BS_FEV5A0HN	3648	4	11	15	0.00411184210526316	HGG
BS_FGJH1X0S	3604	5	224	229	0.0635405105438402	HGG
BS_FGQA2S06	1428	33	7	40	0.0280112044817927	LGG
BS_FHM1TKTT	2831	36	95	131	0.0462734016248675	MB
BS_FJ2H219D	621	11	11	22	0.035426731078905	HGG
BS_FJWZ3M7V	3147	4	4	8	0.00254210359072132	LGG
BS_FKASA3MN	2567	3	192	195	0.0759641604986365	HGG
BS_FKDQJJB5	3631	4	18	22	0.00605893693197466	MB
BS_FQ5VYCBD	2585	15	2	17	0.00657640232108317	HGG
BS_FR42HY0Z	1292	29	7	36	0.0278637770897833	LGG
BS_FRZ76GEG	3491	5		5	0.00143225436837582	CPG
BS_FTKPQ5FZ	856	5	2	7	0.00817757009345794	EPN
BS_FV820J38	2101	21	4	25	0.0118990956687292	MB
BS_FW5ECXXK	1400	1	3	4	0.00285714285714286	EPN
BS_FX2P2WEG	3834	3	175	178	0.0464267083985394	HGG
BS_FXJY0MNH	3976	35	54	89	0.0223843058350101	HGG
BS_FYP2B298	3534	25	18	43	0.0121675155631013	HGG
BS_FYRDYBMZ	2404	17	4	21	0.00873544093178037	HGG
BS_FZRCFK0W	487	37	2	39	0.080082135523614	LGG
BS_G00FHF3Q	4073	1	8	9	0.00220967345936656	MB
BS_G0RPJHA9	1695	16	10	26	0.0153392330383481	EPN
BS_G19QZG4S	2127	17	2	19	0.00893276915843912	HGG
BS_G1DAGKSY	680	21	4	25	0.0367647058823529	LGG
BS_G1E5DATJ	3575	6	39	45	0.0125874125874126	HGG
BS_G23JJAZY	1766	5	1	6	0.00339750849377123	EPN
BS_G257VSS9	2356	10	14	24	0.0101867572156197	HGG
BS_G3NN392N	2338	7	53	60	0.0256629597946963	HGG
BS_G5NHSFD4	4355		74	74	0.01699196326062	HGG
BS_G5QBBHDV	3405	15	385	400	0.117474302496329	LGG
BS_G63HYD6N	3632	10	6	16	0.00440528634361234	EPN
BS_G6RKBJEY	1456	18	1	19	0.0130494505494505	ATRT
BS_G7AGNB5G	3699	2	9	11	0.00297377669640443	LGG
BS_G8TXTX0H	1424	17	2	19	0.0133426966292135	HGG
BS_G9219PMD	167	16	3	19	0.11377245508982	LGG
BS_G9XE3N9T	3718	5	5	10	0.00268961807423346	LGG
BS_GAGRGSSX	3908	9	62	71	0.0181678607983623	ATRT
BS_GC3CH9TY	3636	8	1	9	0.00247524752475248	CPG
BS_GCA4GET3	3807	1	1	2	0.00052534804307854	LGG
BS_GCQFGDTX	4506	3	11	14	0.00310696848646249	MB
BS_GE2RVZE6	4131	3	20	23	0.0055676591624304	MB
BS_GG9W3J9Y	3711	3	3	6	0.00161681487469685	HGG
BS_GHNJ4CYC	2311	7	2	9	0.00389441800086543	LGG
BS_GHZJ8FX3	133	13	5	18	0.135338345864662	LGG
BS_GJNCYABP	2443	6	1	7	0.00286532951289398	ATRT
BS_GKDWPV3K	1898	24	33	57	0.030031612223393	ATRT
BS_GKZZJ29B	1451	42	2	44	0.0303239145416954	EPN
BS_GMDQK06Q	3468	10	2	12	0.00346020761245675	CPG
BS_GMF4ABXJ	3579	48	19	67	0.0187203129365745	GNG
BS_GMJBGBWB	2910	10		10	0.00343642611683849	CPG
BS_GNV89A5P	3569	3	13	16	0.00448304847296161	MB
BS_GPEGRCCT	3996	3	4	7	0.00175175175175175	LGG
BS_GR46VD0Q	4467	1	6	7	0.00156704723528095	LGG
BS_GS1KR5PK	4725	5	520	525	0.111111111111111	MB
BS_GS7Q2JHA	1873	21		21	0.0112119594233849	EPN
BS_GSV81YTV	1155	46	7	53	0.0458874458874459	LGG
BS_GTZCFGRZ	4365	4	147	151	0.0345933562428408	GNG
BS_GV3NZ9QD	3843	1		1	0.000260213374967473	EPN
BS_GVPKBXC1	2716	55	9	64	0.0235640648011782	ATRT
BS_GW0GKWMS	3536	1	7	8	0.00226244343891403	HGG
BS_GWCRMKE6	3478	5	1	6	0.00172512938470385	LGG
BS_GWHYM3R4	1108	68	15	83	0.0749097472924188	HGG
BS_GWSJ4Z9H	3836	4	14	18	0.00469238790406674	HGG
BS_GYA4V1RD	4433	3		3	0.000676742612226483	LGG
BS_GYXSDZ56	3460	4		4	0.00115606936416185	LGG
BS_H08FEN68	3313	25	1067	1092	0.329610624811349	LGG
BS_H0QWRJE2	2896	20	4	24	0.00828729281767956	HGG
BS_H0TJS3RZ	2073	27	5	32	0.0154365653642065	GNG
BS_H0WF1WHE	2813	4	25	29	0.0103092783505155	LGG
BS_H18EDRJK	1851	24	2	26	0.0140464613722312	CPG
BS_H1XPVS9A	2642	10	4	14	0.00529901589704769	LGG
BS_H1ZS5FMZ	3515	2	4	6	0.00170697012802276	HGG
BS_H3FE3TH9	4179		6	6	0.00143575017946877	LGG
BS_H4B5Y6S0	2015	5	8	13	0.00645161290322581	MB
BS_H4NXBD2D	2161	3	5	8	0.003701989819528	EPN
BS_H5VQJR7X	1143	38	15	53	0.0463692038495188	HGG
BS_H8A9PSYA	3031	3	3	6	0.00197954470471791	LGG
BS_H97S5SQN	3591	2	17	19	0.00529100529100529	HGG
BS_H9EX5WX3	2688	35	5	40	0.0148809523809524	LGG
BS_H9JYKFTV	2477	4	15	19	0.00767056923698022	HGG
BS_HA20Y4XY	3623	1	5	6	0.00165608611647806	LGG
BS_HB03GSHF	3115	12	1	13	0.00417335473515249	MB
BS_HC44ZA0V	2967	38	4	42	0.0141557128412538	EPN
BS_HC5M8JTC	3806	1	3	4	0.00105097214923805	LGG
BS_HD33RVPJ	1590	28	6	34	0.0213836477987421	MB
BS_HD4EJYE3	3896	4	5	9	0.00231006160164271	MB
BS_HDPCQETG	1384	22	1	23	0.0166184971098266	HGG
BS_HE0WJRW6	4447	6	130	136	0.030582415111311	HGG
BS_HE57E1RP	3714	1	24	25	0.00673128702207862	MB
BS_HF3RNN2T	3649	4	22	26	0.00712523979172376	MB
BS_HHPA8NJ2	3455	9	20	29	0.00839363241678726	MB
BS_HJRTC9JQ	4644	4	9	13	0.00279931093884582	HGG
BS_HJVKKWGP	1843	25	5	30	0.0162778079218665	EPN
BS_HK9P0Q4G	2231	34	5	39	0.0174809502465262	LGG
BS_HKZENFDA	1291	8	4	12	0.00929512006196747	MB
BS_HM0R6SXQ	1884	4	1	5	0.00265392781316348	LGG
BS_HM997M0B	1023	46	10	56	0.0547409579667644	CPG
BS_HNMQ7488	1329	24	1	25	0.018811136192626	LGG
BS_HPEYQCY8	510	18	3	21	0.0411764705882353	LGG
BS_HPV4F6VR	1998	16	1	17	0.00850850850850851	CPG
BS_HQ5BJ6MW	2869	6	3	9	0.00313698152666434	LGG
BS_HQDXQ5Y4	1048	26	7	33	0.0314885496183206	LGG
BS_HQNTHFJT	1284	73	40	113	0.088006230529595	LGG
BS_HQYGYPCV	1737	25	2	27	0.0155440414507772	LGG
BS_HRJ9145M	3103	16	74	90	0.029004189494038	HGG
BS_HSHN8PBB	2999	8	4	12	0.00400133377792598	LGG
BS_HSPV8GXC	118	9	5	14	0.11864406779661	LGG
BS_HSTNFPKW	1015	17	1	18	0.0177339901477833	LGG
BS_HTEPAKCM	3614	2	27	29	0.00802434975096846	MB
BS_HTSFDSJR	440	52	23	75	0.170454545454545	EPN
BS_HV8PFRBR	1821	17	1	18	0.00988467874794069	LGG
BS_HVGKX0WY	3837	7	476	483	0.125879593432369	MB
BS_HWVD3RH0	503	21	2	23	0.0457256461232604	LGG
BS_HX0S30NE	3628	1		1	0.000275633958103638	LGG
BS_HX8XJ18H	1312	16	3	19	0.0144817073170732	ATRT
BS_HY2GHM23	3809	6	669	675	0.177211866631662	MB
BS_HYASKY2Z	1266	31		31	0.0244865718799368	EPN
BS_HYYWQVTD	2612	22		22	0.00842266462480858	ATRT
BS_HZ707C55	3305	35	2	37	0.0111951588502269	EPN
BS_HZ9AYDCQ	4075	8	40	48	0.0117791411042945	HGG
BS_HZE3KYZ1	3349	2	11	13	0.00388175574798447	MB
BS_HZRM07TW	3456	15	14	29	0.0083912037037037	MB
BS_J1AB8PMA	3852		12	12	0.00311526479750779	MB
BS_J483EMFP	3937	23	10	33	0.00838201676403353	ATRT
BS_J4JY2F3H	2061	49	10	59	0.0286268801552644	HGG
BS_J4QMPCS6	896	45	5	50	0.0558035714285714	CPG
BS_J5H5VXWY	1441	18	1	19	0.0131852879944483	LGG
BS_J6VKB1VE	3925	4	295	299	0.0761783439490446	LGG
BS_J70GK8SM	1392	3	3	6	0.00431034482758621	EPN
BS_J71N7D09	4805	25	724	749	0.155879292403746	MB
BS_J8G4SH4Z	4143	3	32	35	0.00844798455225682	MB
BS_J8VX4D17	3577	12	3	15	0.00419345820519989	EPN
BS_J9CBGP57	4138	3	10	13	0.00314161430642823	HGG
BS_J9M83K8T	1369	19	2	21	0.0153396639883126	GNG
BS_JB43XBCQ	3117	3	6	9	0.00288739172281039	HGG
BS_JC7WDK1A	40	5		5	0.125	CPG
BS_JCKGMNR0	682	34	2	36	0.0527859237536657	EPN
BS_JCPKYHKY	4331	1	3	4	0.000923574232278919	CPG
BS_JDSNFYQ0	693	34	13	47	0.0678210678210678	HGG
BS_JDWFEE36	1255	29	6	35	0.0278884462151394	LGG
BS_JE6RR750	4234	2	775	777	0.183514407179972	MB
BS_JFB984RG	3485	7	11	18	0.00516499282639885	MB
BS_JFR750KD	4204	1	7	8	0.00190294957183635	LGG
BS_JG9JZTA9	2981	6	3	9	0.00301912110030191	LGG
BS_JGKZ54SA	1317	12	4	16	0.0121488230827639	LGG
BS_JH29M4KG	4018	3	4	7	0.00174216027874564	LGG
BS_JHGW42S6	3717	10	2	12	0.00322841000807102	EPN
BS_JHTBR7DW	2742	18	61	79	0.0288110867979577	EPN
BS_JJNRHMKM	1048	16	1	17	0.0162213740458015	CPG
BS_JJVH7WR0	3129	5	333	338	0.108021732182806	HGG
BS_JJW609CE	733	52	24	76	0.103683492496589	MB
BS_JKDKZSX8	647	27	2	29	0.044822256568779	LGG
BS_JKXA3FQC	3815	3	2	5	0.00131061598951507	LGG
BS_JMD386Z2	1075	3	37	40	0.0372093023255814	HGG
BS_JMHG7GCN	2851	4	2	6	0.00210452472816556	LGG
BS_JMMPW4G3	2309	42	14	56	0.0242529233434387	MB
BS_JN3S2H2Z	319	34	7	41	0.128526645768025	LGG
BS_JNXMRAW1	524	26	1	27	0.0515267175572519	LGG
BS_JP95KMRD	3714	7	38	45	0.0121163166397415	HGG
BS_JPHWQ1TV	2837	23	6	29	0.0102220655622136	MB
BS_JQGJQ2QZ	3964	1	543	544	0.1372351160444	HGG
BS_JQVAWTTM	1709	28	5	33	0.0193095377413692	HGG
BS_JQX8GXMG	2409	26	54	80	0.033208800332088	MB
BS_JQXHHK0K	3645	6	277	283	0.0776406035665295	HGG
BS_JR5ATB7G	4050	8	16	24	0.00592592592592593	MB
BS_JRYJGYC4	4137	17	119	136	0.0328740633309161	HGG
BS_JS95PE0J	3680	6	6	12	0.00326086956521739	HGG
BS_JT82QGXF	3921	4	71	75	0.0191277735271614	MB
BS_JTMXAMB7	1729	10		10	0.00578368999421631	MB
BS_JTWNJ8T7	3556	6	240	246	0.0691788526434196	HGG
BS_JVA2NQFF	4046	1	4	5	0.00123578843302027	LGG
BS_JVW2JJ39	4008	26	285	311	0.0775948103792415	HGG
BS_JVZ7AQPV	277	12	26	38	0.137184115523466	HGG
BS_JWSR581E	3924	2	2	4	0.00101936799184506	LGG
BS_JX4QBM9G	2345	33	3	36	0.0153518123667377	GNG
BS_JX7S9MY7	1267	53	4	57	0.0449881610102605	CPG
BS_JXTZSFX3	1805	27	6	33	0.0182825484764543	HGG
BS_JZRM1S3T	3749	9	2	11	0.00293411576420379	MB
BS_K0X3PZGN	3778	13	210	223	0.0590259396506088	HGG
BS_K1024ZPM	1558	53	4	57	0.0365853658536585	EPN
BS_K17VQECG	3684	3	2	5	0.00135722041259501	HGG
BS_K19586VM	1357	56	45	101	0.0744288872512896	MB
BS_K25F4J3V	3014	6	4	10	0.0033178500331785	ATRT
BS_K2N1WEZ7	1072	14	3	17	0.0158582089552239	HGG
BS_K2PCC777	3495	4	55	59	0.0168812589413448	HGG
BS_K2VYFVKZ	3604	2	2	4	0.00110987791342952	LGG
BS_K3ER45RV	4182	10	10	20	0.00478240076518412	MB
BS_K47QA8XB	2973	12	6	18	0.00605449041372351	CPG
BS_K57A4A9D	1363	30	5	35	0.0256786500366838	GNG
BS_K5802F84	4524	6	15	21	0.00464190981432361	LGG
BS_K5KWSB7D	2042	35	9	44	0.0215475024485798	EPN
BS_K74N1BXQ	3514	6	25	31	0.00882185543540125	HGG
BS_K74PZET7	4091	3	29	32	0.00782204839892447	MB
BS_K7MVS0Z7	3877	1	4	5	0.00128965695125097	LGG
BS_K81DR8XG	4059	8	12	20	0.00492732200049273	MB
BS_K81PZXP2	2753	63	3	66	0.0239738467126771	HGG
BS_K838XW6V	657	26	5	31	0.0471841704718417	LGG
BS_K88T8SW7	3621	9	60	69	0.0190555095277548	HGG
BS_K8ZGHV4D	1534	34	10	44	0.0286831812255541	LGG
BS_KABQQA0T	4366	9	73	82	0.0187814933577645	HGG
BS_KB7WDWY8	2259	29	4	33	0.0146082337317397	HGG
BS_KBEX4RT2	2680	17	8	25	0.00932835820895522	HGG
BS_KBT7MQ6H	3405	19	13	32	0.00939794419970631	EPN
BS_KDSTG5YY	3518	1	2	3	0.000852757248436612	EPN
BS_KEA474HN	3781	1	1	2	0.000528960592435864	LGG
BS_KFD5128N	1014	3	121	124	0.122287968441815	HGG
BS_KGXP2KJE	2577	19	5	24	0.00931315483119907	MB
BS_KJJZ48WS	775	31	11	42	0.0541935483870968	MB
BS_KKDTW11T	2096	39	936	975	0.465171755725191	HGG
BS_KN92S7YQ	4329		50	50	0.0115500115500116	MB
BS_KND4B5CW	2752	8	5	13	0.00472383720930233	CPG
BS_KP735TJ6	3981	7	80	87	0.0218538055764883	HGG
BS_KPT2WPHW	3858	6	13	19	0.00492483151892172	GNG
BS_KRS4EV4X	3236	15	53	68	0.0210135970333745	HGG
BS_KS8HMGA6	3514	6	20	26	0.00739897552646557	HGG
BS_KSC2H2HV	679	25	6	31	0.0456553755522828	LGG
BS_KT3C0XCA	3168	32	12	44	0.0138888888888889	EPN
BS_KT975AEF	2719	52	3	55	0.0202280250091946	LGG
BS_KVNGNETA	3324	15	4	19	0.00571600481347774	MB
BS_KVPWHDR4	2024	47	9	56	0.0276679841897233	HGG
BS_KVV7001W	4201	2	6	8	0.00190430849797667	GNG
BS_KWVZXEDS	1054	43	12	55	0.0521821631878558	EPN
BS_KX9ECQZW	1338	28	2	30	0.0224215246636771	MB
BS_KXCY5BN5	4067		2	2	0.00049176297024834	ATRT
BS_KXMYBQ6N	2780	26		26	0.00935251798561151	EPN
BS_KYF0Q0E7	1688	8	12	20	0.0118483412322275	MB
BS_M0FA190Y	3155	9	24	33	0.010459587955626	HGG
BS_M0QYNVK8	4250	4	14	18	0.00423529411764706	HGG
BS_M0XGZ53Z	1205	4	70	74	0.0614107883817427	HGG
BS_M15PW2N0	4069	1	13	14	0.00344064880806095	MB
BS_M1PVEHCM	3888	20	209	229	0.0588991769547325	HGG
BS_M1T1K5WV	4367	10	8	18	0.00412182276162125	EPN
BS_M1XJJA7E	1034	35	36	71	0.0686653771760155	HGG
BS_M3C0MZC9	705	30	11	41	0.0581560283687943	EPN
BS_M4923M40	3584	8	21	29	0.00809151785714286	ATRT
BS_M4HQAPWK	956	15	1	16	0.0167364016736402	MB
BS_M4NVX721	2884	29	3	32	0.0110957004160888	GNG
BS_M4TTKPNR	3312	6	2	8	0.00241545893719807	LGG
BS_M54TWTH4	2324	41	623	664	0.285714285714286	HGG
BS_M7HCF7DW	4211	4	4	8	0.00189978627404417	HGG
BS_M7XB258E	1111	33	1	34	0.0306030603060306	HGG
BS_M84H3KXA	2116	10	2	12	0.0056710775047259	MB
BS_M85CXHDV	3027	8	2	10	0.00330360092500826	HGG
BS_M86ECPHK	4662	3	17	20	0.00429000429000429	MB
BS_M8M56Z4Y	3335	9	6	15	0.00449775112443778	LGG
BS_M8WP5T16	3550	5	1	6	0.00169014084507042	LGG
BS_MA2T7ET1	1881	32	4	36	0.0191387559808612	EPN
BS_MB7WN0ZB	2305	3	6	9	0.00390455531453362	HGG
BS_MBQND18D	1113	56	11	67	0.0601976639712489	LGG
BS_MBR71BJA	349	25	15	40	0.114613180515759	HGG
BS_MBSTWZA6	3872	2	3	5	0.00129132231404959	LGG
BS_MD0937XT	1882	4	109	113	0.0600425079702444	HGG
BS_MDBT7S5Z	3211	9	6	15	0.00467144191840548	HGG
BS_ME3HKN2C	3351	5		5	0.00149209191286183	LGG
BS_ME6VQGG4	3768	11	42	53	0.0140658174097665	HGG
BS_MF47B9ZW	2647	20	25	45	0.017000377786173	GNG
BS_MF9X3PKH	3929	1	3	4	0.00101807075591754	LGG
BS_MFGZH8FK	2943	10	19	29	0.00985389058783554	HGG
BS_MG78HQDM	1196	8	126	134	0.112040133779264	HGG
BS_MH8RAG4A	2977	7	136	143	0.0480349344978166	MB
BS_MJKKGY95	2988	19	3	22	0.00736278447121821	CPG
BS_MKM0EEN1	3392	20	19	39	0.011497641509434	HGG
BS_MKP2Y41Z	3172	7	1	8	0.00252206809583859	EPN
BS_MMNRZ1EQ	3824	4	30	34	0.00889121338912134	ATRT
BS_MN5XVP5A	3889	9	8	17	0.0043713036770378	HGG
BS_MPZ6PKW8	1323	24	4	28	0.0211640211640212	EPN
BS_MQCKXD60	2301	19	162	181	0.0786614515428075	EPN
BS_MT15SGJN	545	15	5	20	0.036697247706422	EPN
BS_MV6ASWV9	3489	10	6	16	0.00458584121524792	ATRT
BS_MVW01FPB	4208	3	6	9	0.00213878326996198	ATRT
BS_MWWZBQ60	3875	1	7	8	0.00206451612903226	HGG
BS_MX92FD6D	2238	20	6	26	0.0116175156389634	LGG
BS_MY9D8XZ1	2169	8	1	9	0.004149377593361	LGG
BS_N0877CX1	3870	9	86	95	0.0245478036175711	ATRT
BS_N1E0H8YQ	3855	12	5	17	0.00440985732814527	LGG
BS_N1R1VSAG	1718	16	5	21	0.0122235157159488	MB
BS_N210XMKR	2173	9	5	14	0.00644270593649333	LGG
BS_N4B1SZZH	4203	3	6	9	0.00214132762312634	MB
BS_N51EV5FZ	519	34	7	41	0.0789980732177264	HGG
BS_N5B2CZMH	3521	10	25	35	0.0099403578528827	LGG
BS_N5DVEJXT	4147	7	2	9	0.00217024354955389	EPN
BS_N5NA83D2	3776	10	371	381	0.100900423728814	HGG
BS_N6NE6B3W	4652	18	15	33	0.00709372312983663	LGG
BS_N6TQBQ8M	1407	15	10	25	0.0177683013503909	HGG
BS_N7SW36FD	1525	18	9	27	0.0177049180327869	HGG
BS_N7VQ1GQB	1331	24	7	31	0.0232907588279489	HGG
BS_N87X1T8T	2199	35	11	46	0.020918599363347	LGG
BS_N8J1DP02	3672	17	4	21	0.00571895424836601	EPN
BS_N9C2500H	681	18	2	20	0.0293685756240822	MB
BS_NB5XWMJT	2653	33		33	0.0124387485865058	LGG
BS_NB9XXBW6	2753	2	8	10	0.00363240101707228	HGG
BS_NBZNAG7Q	4115	5	296	301	0.0731470230862697	LGG
BS_NEFAASTR	3843	9	170	179	0.0465781941191777	HGG
BS_NEVYM2FP	2958	3	4	7	0.00236646382691007	HGG
BS_NFJPYMET	1757	56	11	67	0.0381331815594764	EPN
BS_NFKKDYSV	1108	10	7	17	0.0153429602888087	HGG
BS_NG9X6SJA	1982	26	6	32	0.0161453077699294	LGG
BS_NGHK9RZP	3379	5	4	9	0.00266350991417579	EPN
BS_NGSG2KB6	3480	10	14	24	0.00689655172413793	HGG
BS_NGY0TE6S	3464	8	6	14	0.00404157043879908	CPG
BS_NH7K4CD9	4110	14	463	477	0.116058394160584	EPN
BS_NJ19NGVS	700	31	3	34	0.0485714285714286	EPN
BS_NKCEJ5YG	2601	38	214	252	0.0968858131487889	MB
BS_NKEAAFMW	4378	3	18	21	0.00479671082686158	MB
BS_NKRYMHEP	3911	3	15	18	0.00460240347737152	MB
BS_NKWZZSTY	800	63	67	130	0.1625	HGG
BS_NNPEC7W1	3878	14	259	273	0.0703971119133574	HGG
BS_NNYXMSTX	872	28	1	29	0.033256880733945	HGG
BS_NPA6CZQF	2635	1	6	7	0.00265654648956357	HGG
BS_NQ54ST98	3325	32	2	34	0.0102255639097744	HGG
BS_NQB91P48	4144	1	13	14	0.00337837837837838	LGG
BS_NR3P3GN2	3583			0	0	HGG
BS_NRFQEQKP	2736	9	1	10	0.00365497076023392	LGG
BS_NRPG5K4K	4583	9	5	14	0.00305476761946323	LGG
BS_NS7GSHB9	3070	5	1	6	0.00195439739413681	LGG
BS_NT9NZYFD	4242		6	6	0.00141442715700141	GNG
BS_NTG278B6	1528	13	3	16	0.0104712041884817	ATRT
BS_NVYZW8RR	1414	12	2	14	0.0099009900990099	CPG
BS_NWNB68G0	377	22	4	26	0.0689655172413793	LGG
BS_NWNTY3FZ	1122	30	7	37	0.0329768270944742	EPN
BS_NX1R0BC3	3224	10	12	22	0.00682382133995037	HGG
BS_NXC3W5MZ	1650	17	7	24	0.0145454545454545	MB
BS_NY5T05AK	733	15	1	16	0.0218281036834925	LGG
BS_NYS8TRCB	3800	4	1	5	0.00131578947368421	LGG
BS_NZ71XCG3	4564		64	64	0.014022787028922	MB
BS_P277RYX5	3279	1	6	7	0.00213479719426654	GNG
BS_P2Y2NANM	1389	18	2	20	0.0143988480921526	LGG
BS_P412CPXJ	1137	32	25	57	0.050131926121372	LGG
BS_P4PMWFMV	1682	7	5	12	0.00713436385255648	HGG
BS_P5KE73DA	2057	2	3	5	0.00243072435585805	ATRT
BS_P78SMRBS	3190	36	3	39	0.0122257053291536	EPN
BS_P7A4C235	1764	26	9	35	0.0198412698412698	EPN
BS_P7EY9DXG	3300	13	2	15	0.00454545454545455	ATRT
BS_P7W3AYKV	3748	7	269	276	0.0736392742796158	HGG
BS_PAK40AMT	2125	12	10	22	0.0103529411764706	MB
BS_PC107GE3	3500	17	6	23	0.00657142857142857	MB
BS_PDVD0GCM	776	21	2	23	0.029639175257732	LGG
BS_PENM28KT	2069	3	115	118	0.0570323827936201	HGG
BS_PEP9NZXN	4188	2	8	10	0.00238777459407832	LGG
BS_PGD4HRWM	4249	17	666	683	0.160743704401036	HGG
BS_PGHK1JRW	4036	11	14	25	0.00619425173439049	ATRT
BS_PJ1T8CQR	3083	26	27	53	0.0171910476808304	HGG
BS_PJC6FH4Y	3479	3	29	32	0.00919804541534924	HGG
BS_PJPGVD62	3514	15	80	95	0.027034718269778	EPN
BS_PJTQHTRA	1843	51	1	52	0.0282148670645686	EPN
BS_PK18H7E7	4371	1	3	4	0.000915122397620682	LGG
BS_PKW05VZV	2987	10	3	13	0.00435219283562102	GNG
BS_PN2CE34A	4362	18	396	414	0.0949105914718019	LGG
BS_PPGGE3AN	1420	28	1	29	0.0204225352112676	MB
BS_PPV5073N	3003	19	79	98	0.0326340326340326	ATRT
BS_PQ7CQFYR	3239	16	66	82	0.0253164556962025	GNG
BS_PQVTB6BB	4114	2	9	11	0.00267379679144385	HGG
BS_PRAEF32W	2516	7	7	14	0.00556438791732909	EPN
BS_PRCG6W20	762	35	1	36	0.047244094488189	LGG
BS_PRR8K9GE	2994	20	4	24	0.00801603206412826	CPG
BS_PS0P3QJ3	1746	8	113	121	0.0693012600229095	HGG
BS_PSW27ZTE	3338	10	3	13	0.00389454763331336	EPN
BS_PWDRF91N	3868	4	38	42	0.0108583247156153	LGG
BS_PXCPK5XS	3184	5	15	20	0.00628140703517588	HGG
BS_PZVHMSYN	3535	12	99	111	0.0314002828854314	HGG
BS_Q06J3RYW	3870	13	143	156	0.0403100775193798	HGG
BS_Q13FQ8FV	1156	4	439	443	0.383217993079585	HGG
BS_Q2PBFNDF	836	13	3	16	0.0191387559808612	LGG
BS_Q35GFYDR	2648	28	81	109	0.0411631419939577	HGG
BS_Q3TBCK4V	3376	1	2	3	0.000888625592417062	LGG
BS_Q5Q81SPA	2188	8	4	12	0.00548446069469835	EPN
BS_Q5WZYWCT	2989	60	12	72	0.0240883238541318	EPN
BS_Q6VH5GJ8	1719	47	5	52	0.0302501454333915	LGG
BS_Q79NP5YY	3115	6	2	8	0.00256821829855538	LGG
BS_Q7WNW1AS	1222	28	1	29	0.0237315875613748	LGG
BS_Q9N5PRD5	2047	26	97	123	0.0600879335613092	HGG
BS_QB84TBA3	4133	26	562	588	0.142269537865957	HGG
BS_QBMW69AM	2623	64	15	79	0.0301181852840259	LGG
BS_QC3XCE6X	4262	2	17	19	0.00445800093852651	LGG
BS_QE6F8DQW	2524	86	38	124	0.0491283676703645	MB
BS_QEYPFYHD	5170	6	35	41	0.00793036750483559	MB
BS_QF1FGWVF	1500	43	7	50	0.0333333333333333	LGG
BS_QF5VVZX5	2481	12	4	16	0.00644901249496171	GNG
BS_QGKEP3KB	2055	80	12	92	0.0447688564476886	HGG
BS_QH82PBMB	3376	5	4	9	0.00266587677725119	LGG
BS_QMBS32Y2	1365	25	9	34	0.0249084249084249	HGG
BS_QMSNG9QV	184	16	21	37	0.201086956521739	CPG
BS_QNNX91SM	2858	5	7	12	0.00419874037788663	HGG
BS_QPPPGYP4	3058	9	14	23	0.00752125572269457	MB
BS_QQE8MWWV	1997	50	22	72	0.0360540811216825	LGG
BS_QRDT19KS	4362	1	95	96	0.0220082530949106	MB
BS_QRNSKFMS	3220	5	1	6	0.00186335403726708	LGG
BS_QTMN8HYC	1205	32	2	34	0.0282157676348548	LGG
BS_QTSXW7DA	3637	2	3	5	0.00137475941710201	LGG
BS_QV51J756	3907	6	15	21	0.00537496800614282	GNG
BS_QWTE1CWR	3964	7	4	11	0.00277497477295661	HGG
BS_QX12J6W1	3823	2	7	9	0.00235417211613916	ATRT
BS_QXKRN6CR	1057	19	1	20	0.0189214758751183	EPN
BS_QY2G1JZJ	3544	5	10	15	0.00423250564334086	HGG
BS_QYA4TQXX	3013	82	179	261	0.0866246266179887	HGG
BS_QZAR0AB5	3849	6	145	151	0.0392309690828787	EPN
BS_R13X6TMW	3833	2	10	12	0.00313070701800157	LGG
BS_R244Z0WX	3804	11	26	37	0.00972660357518402	LGG
BS_R3AJB6VS	3544	48	11	59	0.016647855530474	LGG
BS_R439VVPK	3846	5	9	14	0.00364014560582423	MB
BS_R5JQE0VJ	2018	16	14	30	0.0148662041625372	HGG
BS_R5SNFB5B	3792	14	9	23	0.00606540084388186	HGG
BS_R6WNEEE4	3431	3	6	9	0.00262314194112504	MB
BS_R7HZCZ8B	3329	12	4	16	0.00480624812255933	CPG
BS_R7NTZR4C	3320	3	14	17	0.00512048192771084	HGG
BS_R7V8BC98	2592	9	2	11	0.00424382716049383	LGG
BS_R81XA0F9	467	17	5	22	0.0471092077087794	LGG
BS_R8ZAB797	3621	19	30	49	0.0135321734327534	HGG
BS_R9B92M75	3447	1	9	10	0.00290107339715695	HGG
BS_R9CKW9DY	3415	52	13	65	0.0190336749633968	LGG
BS_RARBBY7C	1105	38	6	44	0.0398190045248869	LGG
BS_RC8E5TVQ	480	8	1	9	0.01875	LGG
BS_RCC8BXVE	3952	7	14	21	0.00531376518218623	MB
BS_RCFQ31XF	2180	12	3	15	0.00688073394495413	EPN
BS_RCX5628Q	1930	13	2	15	0.0077720207253886	MB
BS_RD4D5F9F	3462	6	2	8	0.00231080300404391	MB
BS_RE4X3715	2131	35	2	37	0.0173627404974191	MB
BS_REVS37G8	605	22	5	27	0.0446280991735537	ATRT
BS_RFC6CATQ	2526	31	8	39	0.0154394299287411	HGG
BS_RFMQ7T0T	4615	1	10	11	0.00238353196099675	CPG
BS_RGPSEMHC	2663	8	2	10	0.00375516334960571	EPN
BS_RGQH7K0C	2990	35	2	37	0.0123745819397993	MB
BS_RGSMX7QD	2364	11		11	0.00465313028764805	GNG
BS_RHAWQJ48	4027	6	839	845	0.20983362304445	HGG
BS_RHD7XPNP	3568	24	2	26	0.00728699551569507	EPN
BS_RHM60031	2967	35	33	68	0.0229187731715538	HGG
BS_RJC3WDD6	4202	3	366	369	0.0878153260352213	HGG
BS_RKRWCBJT	2836	47	42	89	0.0313822284908322	MB
BS_RMT7ABN6	1389	18	2	20	0.0143988480921526	LGG
BS_RN0VAY51	3752	6	28	34	0.00906183368869936	HGG
BS_RN36XFYH	2454	22	6	28	0.0114099429502852	MB
BS_RNANA568	3454	43	6	49	0.014186450492183	LGG
BS_RPF3Z9P9	2323	10	5	15	0.00645716745587602	MB
BS_RPH4DCMK	1326	47	3	50	0.0377073906485671	HGG
BS_RPJ1EPHA	1181	7		7	0.00592718035563082	LGG
BS_RPKA4GF9	1261	17	2	19	0.0150674068199841	GNG
BS_RPZQQM2D	577	24	9	33	0.0571923743500867	LGG
BS_RQTTCJ29	1367	43	37	80	0.0585223116313094	HGG
BS_RRAEQZ97	3836	7	1	8	0.00208550573514077	LGG
BS_RSTH763S	3105	17	15	32	0.0103059581320451	MB
BS_RVSEDNJ4	3002	6	5	11	0.00366422385076616	GNG
BS_RWJZFTP9	4090	4	5	9	0.00220048899755501	LGG
BS_RX1YTZ7F	2464	8	7	15	0.00608766233766234	HGG
BS_RXN5T5YT	3134	28	4	32	0.0102105934907467	HGG
BS_RYRWBV7K	3102	22	17	39	0.0125725338491296	MB
BS_RYZG8SPC	1642	21	4	25	0.0152253349573691	LGG
BS_S0175QKX	3916	2	1	3	0.00076608784473953	EPN
BS_S1KK7XRH	3880	6	7	13	0.00335051546391753	LGG
BS_S1M423AB	4495	9	36	45	0.0100111234705228	MB
BS_S1W53RNW	955	47	5	52	0.0544502617801047	CPG
BS_S20SP0WW	2916	11	13	24	0.00823045267489712	HGG
BS_S2TA8R29	3602		2	2	0.000555247084952804	HGG
BS_S3MET0JZ	3115	4	156	160	0.0513643659711075	HGG
BS_S50KQEXV	2460	8	5	13	0.00528455284552846	LGG
BS_S56VRTCE	2161	43	11	54	0.024988431281814	EPN
BS_S5P8VTN5	3043	7	3	10	0.00328623069339468	HGG
BS_S69QZAJR	3971	11	7	18	0.00453286325862503	MB
BS_S6B9DVNS	2321	3	208	211	0.0909090909090909	HGG
BS_S6NJRR5W	3458	21	5	26	0.0075187969924812	CPG
BS_S6S7SK3P	3894	16	321	337	0.0865434001027221	HGG
BS_S71RJ8DH	3866	2	16	18	0.00465597516813244	ATRT
BS_S7CZY2CH	3207	3	2	5	0.00155908949173683	LGG
BS_S8K878T3	3535	15	33	48	0.0135785007072136	HGG
BS_S97F1ZY3	484	14	3	17	0.0351239669421488	MB
BS_S9929Z8B	3628	6	5	11	0.00303197353914002	GNG
BS_SA8BT7AR	1728	14	5	19	0.0109953703703704	MB
BS_SAA624A4	1122	27	48	75	0.0668449197860963	EPN
BS_SB12W1XT	3714	19	9	28	0.00753904146472806	HGG
BS_SBMAM00V	3135	20	348	368	0.117384370015949	HGG
BS_SBMCD7XZ	1054	36	4	40	0.0379506641366224	HGG
BS_SD0EMK7Y	3846	2	301	303	0.078783151326053	HGG
BS_SD8YBRBR	4462	14	1334	1348	0.302106678619453	HGG
BS_SDA4RMMG	3184	6	3	9	0.00282663316582915	LGG
BS_SDCNP7MW	2946	16	5	21	0.00712830957230143	EPN
BS_SDZY6RZ3	2761	8	1	9	0.00325968851865266	LGG
BS_SERDGASJ	3064	6	11	17	0.00554830287206266	HGG
BS_SFKZSJN1	3444	6	3	9	0.00261324041811847	LGG
BS_SH2S6SFN	930	23	2	25	0.0268817204301075	LGG
BS_SHMC4902	4002	2	4	6	0.00149925037481259	LGG
BS_SJ0HXCD0	563	46	11	57	0.101243339253996	LGG
BS_SKGJ5SY9	4207	4	11	15	0.00356548609460423	MB
BS_SNE31RRX	556	14	2	16	0.0287769784172662	LGG
BS_SNQ9QFPA	3397	7	18	25	0.00735943479540771	ATRT
BS_SNVM7CZT	1833	6	6	12	0.00654664484451719	HGG
BS_SQERZ97M	1252	22		22	0.0175718849840256	LGG
BS_SQX5E15Z	4130	1	5	6	0.00145278450363196	LGG
BS_SR2M85RQ	1802	36	2	38	0.0210876803551609	MB
BS_SR2RGDXJ	1215	52	11	63	0.0518518518518519	HGG
BS_SSDK1WW1	1437	14	4	18	0.0125260960334029	CPG
BS_SV3YAAC1	573	27	4	31	0.0541012216404887	EPN
BS_SVBQN72V	493	26	1	27	0.0547667342799189	EPN
BS_SW6YC2DG	239	15	4	19	0.0794979079497908	GNG
BS_SW8C9Y5Y	1549	38	4	42	0.0271142672692059	GNG
BS_SW9Z10F9	2440	67	13	80	0.0327868852459016	HGG
BS_SWRH6FKE	4149	41	36	77	0.0185586888406845	MB
BS_SX56QZRD	1171	41	9	50	0.0426985482493595	ATRT
BS_SXCZ3CXN	3606	15	3	18	0.00499168053244592	EPN
BS_SXRS2P6T	4113	2	4	6	0.00145878920495988	LGG
BS_SY3J3XR9	2609	6	252	258	0.0988884630126485	HGG
BS_T0MXH2CA	1077	15	3	18	0.0167130919220056	LGG
BS_T0RKFEKR	2917	6		6	0.00205690778196778	LGG
BS_T11NFKSD	594	19	7	26	0.0437710437710438	LGG
BS_T1DVKKJB	3978	10	11	21	0.0052790346907994	EPN
BS_T1QMEH1N	1692	18		18	0.0106382978723404	CPG
BS_T1W4JA94	2890	5	4	9	0.00311418685121107	LGG
BS_T1YHK6B7	3849	11	45	56	0.0145492335671603	HGG
BS_T289QKBV	1815	14	3	17	0.009366391184573	HGG
BS_T2F48Z4E	2740	66	14	80	0.0291970802919708	HGG
BS_T2QPMZCM	3723	5	10	15	0.0040290088638195	LGG
BS_T3DGY9J9	2042	6	6	12	0.00587659157688541	HGG
BS_T3H5AY8A	2966	23	1	24	0.00809170600134862	LGG
BS_T4JFN54G	1792	4	1	5	0.00279017857142857	LGG
BS_T4P3J13C	3829	2	3	5	0.00130582397492818	EPN
BS_T55Y4Z0Y	2961	20	3	23	0.00776764606551841	LGG
BS_T5P5ME9M	1492	28	8	36	0.0241286863270777	LGG
BS_T9A8JJW5	1832		52	52	0.0283842794759825	HGG
BS_TA4657N3	680	23	2	25	0.0367647058823529	CPG
BS_TA4JQD4N	1102	38	4	42	0.0381125226860254	CPG
BS_TA9WP4TH	3663	14	14	28	0.00764400764400764	MB
BS_TBBZ93A5	2928	44	931	975	0.332991803278689	ATRT
BS_TBWYAFSM	3761	6	8	14	0.00372241425152885	EPN
BS_TCWW2GSK	1583	19	2	21	0.0132659507264687	EPN
BS_TDJXQBVY	662	25	12	37	0.0558912386706949	LGG
BS_TE0GVDNG	3184	5	10	15	0.00471105527638191	MB
BS_TF8R864V	1565	51	3	54	0.0345047923322684	EPN
BS_TG93XC55	4278	5	27	32	0.00748013090229079	GNG
BS_TGS109T3	3313	1	5	6	0.00181104738907335	HGG
BS_TM9MH0RP	2772	8	2	10	0.00360750360750361	HGG
BS_TMTV769C	3478	3	5	8	0.00230017251293847	LGG
BS_TNDYEP8Z	1457	49	3	52	0.0356897735072066	CPG
BS_TNRHHYNC	3678	22	12	34	0.00924415443175639	EPN
BS_TR2P8KRF	2326	2	17	19	0.00816852966466036	HGG
BS_TRKH2SPE	4237	14	14	28	0.00660844937455747	HGG
BS_TRPXB3AV	3728	11	33	44	0.0118025751072961	HGG
BS_TRZZRYKF	1323	20	2	22	0.0166288737717309	LGG
BS_TTDNZTZ0	1683	20	9	29	0.0172311348781937	HGG
BS_TTE04ZP8	3631	4	27	31	0.00853759294960066	HGG
BS_TV5B86ZD	2045	13	4	17	0.00831295843520782	HGG
BS_TV80600R	1520	37	11	48	0.0315789473684211	LGG
BS_TVH33J9Q	1613	8	107	115	0.0712957222566646	HGG
BS_TVV122JG	1052	24	2	26	0.0247148288973384	LGG
BS_TW8DQH8J	1646	8	3	11	0.00668286755771567	MB
BS_TWFDEMBZ	1432	10	4	14	0.00977653631284916	LGG
BS_TX31A8Z9	1757	28	37	65	0.0369948776323278	CPG
BS_TXY8QYWA	3546	10	6	16	0.00451212633953751	EPN
BS_TXZ7KHTQ	1611	7	4	11	0.00682805710738672	HGG
BS_TYAYZ9ZW	3785	2	12	14	0.00369881109643329	MB
BS_TZ5D0A7R	4044	2	7	9	0.00222551928783383	EPN
BS_TZVFR600	3604	8	29	37	0.0102663706992231	MB
BS_V036JAV6	1113	25	13	38	0.0341419586702606	LGG
BS_V0DQFC75	2127	45	84	129	0.0606488011283498	HGG
BS_V11VZZH8	804	26	3	29	0.0360696517412935	LGG
BS_V1J03963	836	28	5	33	0.0394736842105263	GNG
BS_V2G1YE8R	1320	38	16	54	0.0409090909090909	LGG
BS_V33RCK1Y	814	18		18	0.0221130221130221	LGG
BS_V3REENH9	1184	7	3	10	0.00844594594594595	LGG
BS_V3Z3DB4N	4464		22	22	0.00492831541218638	HGG
BS_V4D4YPV1	2262	45	4	49	0.0216622458001768	EPN
BS_V4W81SFC	3438	18	1	19	0.00552646887725422	EPN
BS_V4XCTG09	872	15	3	18	0.0206422018348624	GNG
BS_V558NW3Q	3882	3	94	97	0.0249871200412159	HGG
BS_V6GNQ198	333	11	5	16	0.048048048048048	CPG
BS_V6RSB5HQ	2446	84	22	106	0.0433360588716271	HGG
BS_V72GX2AZ	2676	3	4	7	0.00261584454409567	LGG
BS_V72H4RQS	3570	5	8	13	0.00364145658263305	MB
BS_V7BJM89K	4486	2	176	178	0.0396790013374944	LGG
BS_V7BZ049H	976	29	1	30	0.0307377049180328	LGG
BS_V7GAAQHJ	398	8	13	21	0.0527638190954774	HGG
BS_V86F5SDJ	1999	21	3	24	0.0120060030015008	CPG
BS_V89HGTET	3535	1	4	5	0.00141442715700141	LGG
BS_V8QWBVS3	3237	72	17	89	0.027494593759654	HGG
BS_V92ZMBXX	3502	2	118	120	0.0342661336379212	HGG
BS_V9HVBBDW	4354	3	48	51	0.0117133670188333	MB
BS_VA5T4KAA	3355	15		15	0.00447093889716841	MB
BS_VAAHBH60	4030	1	497	498	0.123573200992556	EPN
BS_VBEY9DVY	705	28	7	35	0.049645390070922	LGG
BS_VBFKFYAP	1824	33	2	35	0.0191885964912281	CPG
BS_VBMRQK4F	3992	4	183	187	0.0468436873747495	HGG
BS_VF3NVT4G	3420	7	16	23	0.00672514619883041	HGG
BS_VF5XWFXD	3862	2	2	4	0.00103573278094252	HGG
BS_VJ2S5DVS	3773	19	8	27	0.00715610919692552	EPN
BS_VJVDJABP	3245	7	4	11	0.00338983050847458	MB
BS_VKHJG2B8	3728	8	28	36	0.00965665236051502	HGG
BS_VKYEM67A	4688		118	118	0.0251706484641638	HGG
BS_VMEX27TN	4034	1	36	37	0.00917203767972236	MB
BS_VMMJYN8Z	4118	5	6	11	0.00267119961146187	GNG
BS_VMQMGSJY	3927	4	2	6	0.00152788388082506	HGG
BS_VNK9XYV9	3511	4	2	6	0.00170891483907719	CPG
BS_VP3C8WZT	2607	9	4	13	0.00498657460682777	LGG
BS_VP5Y45Z7	3002	10	3	13	0.00433044636908728	LGG
BS_VPBMDMQX	4256	4	82	86	0.0202067669172932	MB
BS_VPMKHW9X	3319	8	10	18	0.00542332027719193	CPG
BS_VQCCYTM5	2271	13	6	19	0.00836635843240863	MB
BS_VR7FR1NE	3035	4	1	5	0.00164744645799012	LGG
BS_VSSBS981	2252	59	8	67	0.0297513321492007	LGG
BS_VT6C6N6K	3345	6	6	12	0.00358744394618834	MB
BS_VVFBW0YH	3933	4	45	49	0.0124586829392321	MB
BS_VVTHDRBD	3428	3	5	8	0.00233372228704784	HGG
BS_VXMYES3W	1448	16	34	50	0.0345303867403315	MB
BS_VZJ7403W	2015	42	40	82	0.0406947890818859	HGG
BS_VZWXGYT2	803	37	29	66	0.0821917808219178	LGG
BS_W0FZ9YCY	1128	43	5	48	0.0425531914893617	MB
BS_W1385R8Y	3027	39	10	49	0.0161876445325405	HGG
BS_W311713R	3707	4	102	106	0.0285945508497437	MB
BS_W4DB5RP1	3868	6	285	291	0.0752326783867632	HGG
BS_W4H1D4Y6	2813	12	9	21	0.00746533949520085	HGG
BS_W4HGV6E7	4306	33	15	48	0.0111472364143056	LGG
BS_W568T9CS	1737	44	5	49	0.028209556706966	EPN
BS_W7379M7V	4088	4	326	330	0.0807240704500978	MB
BS_W7MFJZ5A	2480	8	6	14	0.00564516129032258	HGG
BS_W80TJC27	911	12	1	13	0.0142700329308452	EPN
BS_W97QQYKQ	4141	6	5	11	0.00265636319729534	GNG
BS_W9AT0MR7	3916	3	24	27	0.00689479060265577	MB
BS_W9N9844Q	4314	3	7	10	0.00231803430690774	HGG
BS_WAXJY4XQ	3518	3	4	7	0.00198976691301876	HGG
BS_WBPTY8NH	2831	12	8	20	0.00706464146944543	HGG
BS_WBVSK3MP	2454	1	227	228	0.0929095354523227	HGG
BS_WCRKYV0T	3112	26	9	35	0.0112467866323907	LGG
BS_WEKK6SHP	2524	49	259	308	0.12202852614897	HGG
BS_WERNRP82	146	11	6	17	0.116438356164384	GNG
BS_WETH5SAH	1178	8	1	9	0.00764006791171477	EPN
BS_WF04GGTX	2060	8	6	14	0.00679611650485437	MB
BS_WFD0GE5X	3413	11	5	16	0.00468795780837972	EPN
BS_WFN6BS0T	1228	24	41	65	0.0529315960912052	HGG
BS_WFQT9J8Q	487	36	28	64	0.131416837782341	EPN
BS_WGK8ZMVA	2971	8	3	11	0.00370245708515651	EPN
BS_WH5HDE0A	4424	1	18	19	0.00429475587703436	MB
BS_WH8G4VFB	3826	26	861	887	0.231834814427601	HGG
BS_WHBEXD5H	2056	54	17	71	0.0345330739299611	HGG
BS_WK0FA4W7	777	21	9	30	0.0386100386100386	HGG
BS_WQ0K79EA	1366	39	12	51	0.0373352855051245	EPN
BS_WQ1YRTAT	4594	5	537	542	0.117979973878973	HGG
BS_WQ5FDHF8	2477	73	19	92	0.037141703673799	EPN
BS_WRHDP7WF	4611	2	6	8	0.00173498156582086	EPN
BS_WRQHPSXQ	3837	2	6	8	0.00208496221005994	GNG
BS_WRQM11XH	2066	42	28	70	0.0338818973862536	MB
BS_WTJEDTZC	604	26	6	32	0.0529801324503311	HGG
BS_WV0S8N4M	3922	8	4	12	0.00305966343702193	ATRT
BS_WVRX4C9Z	3817	6	30	36	0.00943149069950223	LGG
BS_WVW3W6ZB	3577	4	9	13	0.00363433044450657	ATRT
BS_WWKNJSJ5	4655	11	384	395	0.0848549946294307	ATRT
BS_WYERXS4G	1245	7		7	0.00562248995983936	EPN
BS_WYMX429C	1412	21	1	22	0.0155807365439093	LGG
BS_WZZN982T	1462	70	14	84	0.0574555403556772	MB
BS_X0F9AYEC	3621	15	5	20	0.00552333609500138	LGG
BS_X0XXN9BK	3960	2	38	40	0.0101010101010101	HGG
BS_X16PENSA	3887	3		3	0.000771803447388732	LGG
BS_X1S67ZEA	2659	11	4	15	0.00564121850319669	EPN
BS_X20JCR4H	4379	2	115	117	0.0267184288650377	HGG
BS_X23724NJ	4390	2	6	8	0.00182232346241458	HGG
BS_X2EDW2ZB	2110	26	11	37	0.0175355450236967	GNG
BS_X31DBRN7	1106	47	11	58	0.0524412296564195	CPG
BS_X3HR4Z21	2099	22	9	31	0.0147689375893283	HGG
BS_X4DD4KSZ	4009		17	17	0.00424045896732352	HGG
BS_X4X1SFSE	2645		13	13	0.00491493383742911	HGG
BS_X56KVW29	569	30	6	36	0.0632688927943761	MB
BS_X59HSFGG	3580	2	4	6	0.00167597765363128	LGG
BS_X5DFR216	732	25	7	32	0.0437158469945355	LGG
BS_X67GTEM6	3713	9	6	15	0.00403985995152168	EPN
BS_X6GFVDVA	1458	11	1	12	0.00823045267489712	LGG
BS_X91K8KMG	2486	7		7	0.00281576830249397	LGG
BS_X9EGD530	3818	6	9	15	0.00392875851231011	LGG
BS_XC0PNBG2	3464	16	21	37	0.0106812933025404	MB
BS_XF0ZX2B3	1542	4	1	5	0.00324254215304799	EPN
BS_XG0DBWVT	4307	1	105	106	0.0246110982122127	HGG
BS_XGDPK33A	4860	5	38	43	0.0088477366255144	HGG
BS_XGSA3GQE	3724	2	2	4	0.00107411385606874	LGG
BS_XHCYEE2S	4465	2	7	9	0.00201567749160134	CPG
BS_XKKB4MZV	3545	3	14	17	0.00479548660084626	LGG
BS_XM1AHBDJ	1276	30	10	40	0.0313479623824451	HGG
BS_XNWNXKAD	2493	13	13	26	0.0104292017649418	MB
BS_XPBEHJ77	371	26	12	38	0.102425876010782	EPN
BS_XQ5SFW35	3145	4	2	6	0.00190779014308426	HGG
BS_XQYHPBFS	3849	3	7	10	0.0025980774227072	EPN
BS_XTH0NPVQ	1481	25	123	148	0.099932478055368	HGG
BS_XV4GV9Y9	2556	44	17	61	0.0238654147104851	LGG
BS_XVX21VNP	3719	20	1305	1325	0.356278569507932	MB
BS_XX39AH8F	370	34	17	51	0.137837837837838	LGG
BS_XYVCMF4A	1690	68	52	120	0.0710059171597633	HGG
BS_XZM79E42	2574	18	11	29	0.0112665112665113	HGG
BS_Y0PCBNJV	3497		3	3	0.000857878181298256	LGG
BS_Y274AC0H	1321	28	3	31	0.0234670704012112	LGG
BS_Y6D7QZM4	3280	61	17	78	0.023780487804878	HGG
BS_Y7F9E2E9	4259	5	9	14	0.00328715660953275	LGG
BS_Y7H24JZG	1723	15	5	20	0.0116076610562972	GNG
BS_Y7W8BR6B	1860	49	7	56	0.0301075268817204	LGG
BS_Y89WNXXD	2154	11	8	19	0.00882079851439183	MB
BS_Y8D1F5WW	3994	7	15	22	0.00550826239359039	MB
BS_YA0KMBRT	5090	3	79	82	0.0161100196463654	HGG
BS_YA8RBGD8	4142	2	4	6	0.00144857556735876	LGG
BS_YASWHXJC	1087	7		7	0.00643974241030359	LGG
BS_YB1TNZMX	4048	6	831	837	0.206768774703557	CPG
BS_YBGXGEM3	2760	17	3	20	0.0072463768115942	LGG
BS_YBGZ4BRP	796	28	18	46	0.0577889447236181	GNG
BS_YCREDZTJ	3745	11	5	16	0.00427236315086782	LGG
BS_YDEVMD24	2399	5	26	31	0.0129220508545227	HGG
BS_YEB88D32	3988	2	133	135	0.033851554663992	MB
BS_YEQVW4ND	3037	8	4	12	0.00395126769838657	LGG
BS_YETBN0RQ	3532	5	3	8	0.00226500566251416	MB
BS_YEW22W35	3972	2	7	9	0.00226586102719033	HGG
BS_YFKQYA50	1771	19	4	23	0.012987012987013	ATRT
BS_YG0A13JH	2732	28	547	575	0.210468521229868	LGG
BS_YGWTGBWR	3989	2	85	87	0.0218099774379544	MB
BS_YH05F9DB	3472	10	6	16	0.00460829493087558	CPG
BS_YH817HDT	1160	28	3	31	0.0267241379310345	LGG
BS_YMAJC22S	4280	3	26	29	0.00677570093457944	LGG
BS_YMKQT5V0	3936	7	194	201	0.0510670731707317	HGG
BS_YMKX1VP4	3414	56	15	71	0.020796719390744	MB
BS_YQFX2Y00	1070	39	4	43	0.0401869158878505	EPN
BS_YR12D1ZY	3291	3	13	16	0.00486174415071407	HGG
BS_YR1XY6SF	2239	9	6	15	0.00669941938365342	HGG
BS_YT4E515V	1613	69	3	72	0.0446373217606944	LGG
BS_YTMHB7J1	3921	3	777	780	0.198928844682479	MB
BS_YTTMKCBX	1608	47	2	49	0.0304726368159204	EPN
BS_YTWEM5SG	3851	4	34	38	0.00986756686574916	HGG
BS_YVEEXAAT	1072	67	27	94	0.0876865671641791	LGG
BS_YVMEEBKC	4245		3	3	0.000706713780918728	LGG
BS_YWHJY99A	3713	4	47	51	0.0137355238351737	MB
BS_YWJKHMXV	2610	11	9	20	0.00766283524904215	LGG
BS_YXP55JEG	2458	23	4	27	0.0109845402766477	MB
BS_YY5B2XDD	2955	9	5	14	0.00473773265651438	LGG
BS_YZ2QFDAN	3317	17	7	24	0.00723545372324389	HGG
BS_YZ2Z1Q6Y	3024	8	173	181	0.0598544973544974	LGG
BS_YZM9RFVD	2783	23	21	44	0.0158102766798419	EPN
BS_Z0AVVB1V	4209		13	13	0.00308861962461392	LGG
BS_Z0ZPD9S9	1131	42	5	47	0.0415561450044209	HGG
BS_Z1A875MW	3805	1	2	3	0.000788436268068331	LGG
BS_Z3RCA1T9	4234	2	17	19	0.00448748228625413	HGG
BS_Z45HD492	3716	2	12	14	0.00376749192680301	MB
BS_Z5ATH1YR	1245	66	5	71	0.0570281124497992	LGG
BS_Z6BWR941	4092		7	7	0.00171065493646139	LGG
BS_Z7890YNR	3699	5	17	22	0.00594755339280887	EPN
BS_Z7Y2466H	3995	1	8	9	0.00225281602002503	LGG
BS_Z8F3GM85	4001	2	8	10	0.00249937515621095	HGG
BS_Z8YZ6QGS	3725	6	3	9	0.00241610738255034	HGG
BS_Z9BBQBA7	3722	6	935	941	0.252821063944116	MB
BS_ZC1194Z8	576	41	3	44	0.0763888888888889	EPN
BS_ZD5HN296	2339	4	7	11	0.00470286447199658	HGG
BS_ZDJEXPYG	3665	43	25	68	0.0185538881309686	MB
BS_ZEV0M416	2329	7	4	11	0.0047230571060541	ATRT
BS_ZF34SJGN	3680	5	2	7	0.00190217391304348	CPG
BS_ZF6BSFNF	3087	9	9	18	0.00583090379008746	HGG
BS_ZHRGDRBW	3073	79	11	90	0.0292873413602343	GNG
BS_ZJC7VQNA	1934	48	150	198	0.102378490175801	EPN
BS_ZJY7Y34M	1981	22	7	29	0.0146390711761737	GNG
BS_ZK6WE17T	4239	4	129	133	0.0313753243689549	GNG
BS_ZM97KKXE	3233	26	14	40	0.0123724095267553	HGG
BS_ZMZTCQRM	1702	79	79	158	0.0928319623971798	MB
BS_ZRF3A49T	332	11	2	13	0.0391566265060241	LGG
BS_ZRM0W01M	2915	20	3	23	0.00789022298456261	LGG
BS_ZT3QMF6F	422	43	17	60	0.14218009478673	HGG
BS_ZTWGFWTX	3277	1	4	5	0.00152578577967653	LGG
BS_ZV1P6W9C	3391	13	18	31	0.00914184606310823	HGG
BS_ZV68CES9	4189	7	2	9	0.00214848412508952	MB
BS_ZV9Z3SY6	3662	1	3	4	0.00109229929000546	LGG
BS_ZVX2GRD6	3590	9	24	33	0.00919220055710306	LGG
BS_ZVZDDW2G	2445	31	2	33	0.0134969325153374	LGG
BS_ZWR9W4FX	3664	7	2	9	0.00245633187772926	CPG
BS_ZXYDSBM9	3741	9	7	16	0.00427693130179096	MB
BS_ZYBZRQRC	2145	16	4	20	0.00932400932400932	MB
BS_ZYVWSXNK	1688	34	5	39	0.0231042654028436	EPN
BS_ZZMYDZJW	3643	7	2	9	0.00247049135328026	LGG
BS_ZZWMD6FA	3961	5	3	8	0.00201969199697046	GNG
