Sample	Total	AS_neg	AS_pos	AS_total	SI	Histology
BS_08B376A6	13894	129	324	453	0.0326040017273643	MB
BS_09Z7TC35	16252	124	148	272	0.0167364016736402	MB
BS_0BTXD5M6	14230	131	148	279	0.0196064652143359	MB
BS_0EB67GB4	11569	141	160	301	0.0260178062062408	MB
BS_0HKNEFQC	9170	339	306	645	0.0703380588876772	MB
BS_10Z9BMZ7	9559	189	250	439	0.0459253059943509	MB
BS_19Z0ERYF	11626	138	88	226	0.0194391880268364	MB
BS_1AYRM596	12588	88	122	210	0.0166825548141087	MB
BS_1BWP5MCT	14264	383	289	672	0.0471116096466629	MB
BS_1DMAMKFZ	13771	256	232	488	0.0354367874518917	MB
BS_1QXEC43H	15898	260	180	440	0.0276764372877091	MB
BS_1TWCV047	10269	85	164	249	0.0242477359041776	MB
BS_1Z2CNQEC	4638	124	70	194	0.0418283742992669	MB
BS_1ZWSD3YQ	8893	380	394	774	0.0870347464297762	MB
BS_22B80N9T	11210	774	266	1040	0.0927743086529884	MB
BS_22QMSCFR	3277	614	284	898	0.274031126029905	MB
BS_26H7DZD4	6369	559	266	825	0.129533678756477	MB
BS_29YQ60CP	11181	1257	638	1895	0.169483945979787	MB
BS_2G4EH95X	13881	243	125	368	0.0265110582811037	MB
BS_2M4174KG	8233	163	113	276	0.0335236244382364	MB
BS_2SFTWNVE	19569	38	85	123	0.00628545147938065	MB
BS_2Z1MKS84	16367	63	111	174	0.0106311480417914	MB
BS_34CAMM62	7362	133	149	282	0.0383048084759576	MB
BS_397XFJY9	3992	284	153	437	0.109468937875752	MB
BS_3F5PR9GS	11003	137	87	224	0.0203580841588658	MB
BS_3MYEMXPQ	13522	191	128	319	0.0235911847359858	MB
BS_3N2YFZFB	10292	310	295	605	0.0587835211815002	MB
BS_3NWQXPQV	12996	330	197	527	0.0405509387503847	MB
BS_3RAM3K7B	17872	432	254	686	0.0383840644583706	MB
BS_3SZZ50WB	8595	155	108	263	0.0305991855730076	MB
BS_3V3KE3VT	13263	333	291	624	0.0470481791449898	MB
BS_46MF83WA	7811	176	84	260	0.0332863909870695	MB
BS_4CP4T22V	10388	102	86	188	0.0180978051597998	MB
BS_4D9DD103	17374	119	218	337	0.0193967998158167	MB
BS_4PBXY1E3	20297	430	412	842	0.0414839631472631	MB
BS_4PH1MBGR	18428	29	45	74	0.00401562839157803	MB
BS_4W68NV3M	13263	168	175	343	0.0258614189851466	MB
BS_516X056B	13513	565	354	919	0.0680085843262044	MB
BS_58N4Y4ZJ	7306	180	335	515	0.0704900082124281	MB
BS_5PJCHF6V	12442	96	94	190	0.015270856775438	MB
BS_5VQP0E6K	12959	103	150	253	0.0195231113511845	MB
BS_5ZD8FRPJ	13134	713	397	1110	0.0845134764732755	MB
BS_61E80SD6	16160	192	204	396	0.0245049504950495	MB
BS_6AB299R2	17279	81	267	348	0.0201400544012964	MB
BS_6BQ2Q78K	8083	401	98	499	0.0617345045156501	MB
BS_6EW6X0J0	8989	85	126	211	0.023473133830237	MB
BS_6PWHC64Y	12034	166	71	237	0.0196941997673259	MB
BS_6RX2743N	8590	172	177	349	0.0406286379511059	MB
BS_6W0VHGQE	7589	468	367	835	0.110027671629991	MB
BS_6XHRA95C	3500	549	312	861	0.246	MB
BS_77317DY4	11878	305	837	1142	0.0961441320087557	MB
BS_78SCX2N9	8558	195	97	292	0.0341201215237205	MB
BS_7C40TRCY	14060	129	45	174	0.012375533428165	MB
BS_7FWZ518S	16253	83	83	166	0.0102134990463299	MB
BS_7SMY657N	7296	269	131	400	0.0548245614035088	MB
BS_7XQRH69M	12057	45	43	88	0.00729866467612175	MB
BS_81SP2HX4	15074	332	278	610	0.0404670293220114	MB
BS_83HGE3WV	7209	759	427	1186	0.164516576501595	MB
BS_8B2RAF9R	10947	1329	489	1818	0.166072896684023	MB
BS_8GW1TMV2	4934	106	121	227	0.0460072963113093	MB
BS_8K9YVM5G	11301	164	137	301	0.0266348110786656	MB
BS_8T7DZV2F	4023	251	306	557	0.138453890131742	MB
BS_8TTMM7FE	15821	205	76	281	0.0177612034637507	MB
BS_9294WMET	9763	110	123	233	0.0238656150773328	MB
BS_9K1H3RPM	6225	168	299	467	0.0750200803212851	MB
BS_9M5XJ10G	15505	147	154	301	0.0194130925507901	MB
BS_9NJHQE9F	10188	92	198	290	0.0284648606203377	MB
BS_9NZ2D6AD	13016	169	90	259	0.0198985863552551	MB
BS_9PB3XH5D	15017	52	64	116	0.00772457881068123	MB
BS_9V633J1X	16364	122	256	378	0.0230994866780738	MB
BS_A14Z8BBK	12923	130	110	240	0.0185715391163043	MB
BS_A52V3XJM	12512	1399	315	1714	0.136988491048593	MB
BS_A87NPZAP	9951	590	406	996	0.100090443171541	MB
BS_AHEFXG7W	11902	77	92	169	0.0141992942362628	MB
BS_AM70R8RG	19249	162	73	235	0.0122084264117617	MB
BS_AMZ70B6F	14221	70	40	110	0.0077350397299768	MB
BS_AWJFW3W5	14603	122	244	366	0.0250633431486681	MB
BS_BA6AZWB3	12766	107	291	398	0.0311765627447909	MB
BS_BE1WV2B2	7168	53	77	130	0.0181361607142857	MB
BS_BE6EZQHP	10604	223	198	421	0.0397019992455677	MB
BS_BEKKNDWB	6631	163	183	346	0.0521791584979641	MB
BS_BPWEFR89	14241	118	147	265	0.0186082438031037	MB
BS_BSV07M7Z	16860	57	64	121	0.00717674970344009	MB
BS_BVSW4GTG	10221	98	65	163	0.0159475589472654	MB
BS_C0GQVFWA	8243	727	409	1136	0.137813902705326	MB
BS_C853MJT4	5453	469	218	687	0.125985695947185	MB
BS_C8RVHTVV	13024	586	641	1227	0.094210687960688	MB
BS_CCBW38BM	11816	115	152	267	0.0225964793500339	MB
BS_CG6R2RED	14661	1703	313	2016	0.137507673419276	MB
BS_CHDGRYHJ	5986	73	296	369	0.0616438356164384	MB
BS_CKKY5S4M	3362	500	435	935	0.278108268887567	MB
BS_CN0GW92K	10967	679	163	842	0.0767757818911279	MB
BS_D144EJRQ	12902	195	107	302	0.0234072236862502	MB
BS_D46WVFCP	11408	144	127	271	0.0237552594670407	MB
BS_DFWFBYSN	13074	107	74	181	0.0138442710723574	MB
BS_DPA539AJ	8245	225	150	375	0.0454821103699212	MB
BS_E3BAT4C1	13480	76	62	138	0.0102373887240356	MB
BS_E67QTP84	8554	292	91	383	0.0447743745616086	MB
BS_ECP485VV	6771	467	300	767	0.113277211637867	MB
BS_EFE4YEK3	19100	101	114	215	0.0112565445026178	MB
BS_EQKYB3JB	4446	484	315	799	0.179712100764732	MB
BS_ERWT0ZWE	16405	157	107	264	0.0160926546784517	MB
BS_F5QBVPP0	15339	165	164	329	0.0214485950844253	MB
BS_F6ZHHA54	3265	523	253	776	0.237672281776417	MB
BS_FBRNNYCA	7803	101	161	262	0.0335768294245803	MB
BS_FHM1TKTT	12583	2443	429	2872	0.228244456806803	MB
BS_FKDQJJB5	9078	123	121	244	0.0268781669971359	MB
BS_FV820J38	10240	159	101	260	0.025390625	MB
BS_G00FHF3Q	15023	35	62	97	0.00645676629168608	MB
BS_GCQFGDTX	22152	151	49	200	0.00902853015529072	MB
BS_GE2RVZE6	16466	52	112	164	0.00995991740556298	MB
BS_GNV89A5P	13656	60	47	107	0.00783538371411834	MB
BS_GS1KR5PK	21234	1209	712	1921	0.0904681171705755	MB
BS_H4B5Y6S0	6109	109	208	317	0.0518906531347193	MB
BS_HB03GSHF	11532	79	103	182	0.0157821713492889	MB
BS_HD33RVPJ	5790	236	129	365	0.0630397236614853	MB
BS_HD4EJYE3	15442	33	44	77	0.00498640072529465	MB
BS_HE57E1RP	10273	136	120	256	0.024919692397547	MB
BS_HF3RNN2T	11531	24	52	76	0.0065909288006244	MB
BS_HHPA8NJ2	10390	156	82	238	0.0229066410009625	MB
BS_HKZENFDA	5384	54	65	119	0.0221025260029718	MB
BS_HTEPAKCM	11601	110	111	221	0.0190500818894923	MB
BS_HVGKX0WY	11409	452	149	601	0.0526777105793672	MB
BS_HY2GHM23	7386	293	215	508	0.0687787706471703	MB
BS_HZE3KYZ1	10587	45	42	87	0.00821762538962879	MB
BS_HZRM07TW	15790	313	149	462	0.0292590246991767	MB
BS_J1AB8PMA	10743	215	173	388	0.0361165410034441	MB
BS_J71N7D09	21449	801	1165	1966	0.0916592848151429	MB
BS_J8G4SH4Z	15042	73	62	135	0.00897487036298365	MB
BS_JE6RR750	13645	397	151	548	0.0401612312202272	MB
BS_JFB984RG	11359	113	103	216	0.0190157584294392	MB
BS_JJW609CE	5302	1144	460	1604	0.302527348170502	MB
BS_JMMPW4G3	9133	442	456	898	0.09832475637797	MB
BS_JPHWQ1TV	12337	141	302	443	0.0359082434951771	MB
BS_JQX8GXMG	9363	276	224	500	0.0534016874933248	MB
BS_JR5ATB7G	14486	232	162	394	0.0271986745823554	MB
BS_JT82QGXF	11067	264	281	545	0.0492455046534743	MB
BS_JTMXAMB7	5298	33	138	171	0.0322763306908267	MB
BS_JZRM1S3T	13457	88	86	174	0.01293007356766	MB
BS_K19586VM	6091	909	366	1275	0.209325233951732	MB
BS_K3ER45RV	17028	304	207	511	0.0300093962884661	MB
BS_K74PZET7	15298	140	135	275	0.0179762060400052	MB
BS_K81DR8XG	13799	377	414	791	0.0573229944198855	MB
BS_KGXP2KJE	12146	74	130	204	0.0167956528898403	MB
BS_KJJZ48WS	4634	655	311	966	0.208459214501511	MB
BS_KN92S7YQ	14687	87	86	173	0.0117791243957241	MB
BS_KVNGNETA	13596	120	558	678	0.0498676081200353	MB
BS_KX9ECQZW	9763	178	98	276	0.0282699989757247	MB
BS_KYF0Q0E7	4823	76	89	165	0.034211071946921	MB
BS_M15PW2N0	16167	98	96	194	0.011999752582421	MB
BS_M4HQAPWK	4721	249	223	472	0.0999788180470239	MB
BS_M84H3KXA	5596	46	149	195	0.0348463187991422	MB
BS_M86ECPHK	19977	56	110	166	0.0083095559893878	MB
BS_MH8RAG4A	7396	415	461	876	0.118442401297999	MB
BS_N1R1VSAG	7879	251	136	387	0.0491179083640056	MB
BS_N4B1SZZH	13383	126	150	276	0.0206231786594934	MB
BS_N9C2500H	5150	152	116	268	0.0520388349514563	MB
BS_NKCEJ5YG	7253	1815	398	2213	0.305115124775955	MB
BS_NKEAAFMW	15441	142	251	393	0.0254517194482223	MB
BS_NKRYMHEP	15757	70	54	124	0.00786951830932284	MB
BS_NXC3W5MZ	7475	156	145	301	0.0402675585284281	MB
BS_NZ71XCG3	17180	87	38	125	0.00727590221187427	MB
BS_PAK40AMT	8944	110	56	166	0.0185599284436494	MB
BS_PC107GE3	15130	108	278	386	0.0255122273628553	MB
BS_PPGGE3AN	7355	65	111	176	0.0239292997960571	MB
BS_QE6F8DQW	13149	986	613	1599	0.121606205795117	MB
BS_QEYPFYHD	30654	167	177	344	0.0112220264892021	MB
BS_QPPPGYP4	11784	120	125	245	0.0207909029192125	MB
BS_QRDT19KS	15498	107	78	185	0.0119370241321461	MB
BS_R439VVPK	15328	168	137	305	0.0198982254697286	MB
BS_R6WNEEE4	11918	154	137	291	0.0244168484645075	MB
BS_RCC8BXVE	13709	123	299	422	0.030782697497994	MB
BS_RCX5628Q	7971	60	47	107	0.0134236607702923	MB
BS_RD4D5F9F	14122	78	77	155	0.0109757824670727	MB
BS_RE4X3715	12318	99	109	208	0.0168858580938464	MB
BS_RGQH7K0C	16854	197	204	401	0.0237925714963807	MB
BS_RKRWCBJT	12901	1351	393	1744	0.135183319122549	MB
BS_RN36XFYH	9289	156	285	441	0.0474755086661643	MB
BS_RPF3Z9P9	10906	115	82	197	0.0180634513112048	MB
BS_RSTH763S	13137	278	162	440	0.0334931871812438	MB
BS_RYRWBV7K	13679	266	232	498	0.0364061700416697	MB
BS_S1M423AB	16989	258	123	381	0.0224262758255342	MB
BS_S69QZAJR	16926	172	219	391	0.0231005553586199	MB
BS_S97F1ZY3	3273	139	110	249	0.076076993583868	MB
BS_SA8BT7AR	8327	159	102	261	0.0313438213041912	MB
BS_SKGJ5SY9	14486	68	69	137	0.00945740715173271	MB
BS_SR2M85RQ	8941	139	152	291	0.0325466950005592	MB
BS_SWRH6FKE	23571	677	466	1143	0.048491790759832	MB
BS_TA9WP4TH	12744	334	221	555	0.0435499058380414	MB
BS_TE0GVDNG	9729	164	113	277	0.0284715798129304	MB
BS_TW8DQH8J	4738	180	198	378	0.0797804981004643	MB
BS_TYAYZ9ZW	13543	240	98	338	0.0249575426419553	MB
BS_TZVFR600	9158	97	96	193	0.0210744704083861	MB
BS_V72H4RQS	10258	133	133	266	0.0259309806979918	MB
BS_V9HVBBDW	16540	118	113	231	0.0139661426844015	MB
BS_VA5T4KAA	14967	55	296	351	0.0234515935057126	MB
BS_VJVDJABP	13301	106	310	416	0.0312758439215097	MB
BS_VMEX27TN	12428	30	50	80	0.00643707756678468	MB
BS_VPBMDMQX	12488	90	48	138	0.0110506085842409	MB
BS_VQCCYTM5	10372	218	192	410	0.0395295025067489	MB
BS_VT6C6N6K	12476	305	94	399	0.0319814042962488	MB
BS_VVFBW0YH	11416	104	59	163	0.0142782060266293	MB
BS_VXMYES3W	5496	350	157	507	0.0922489082969432	MB
BS_W0FZ9YCY	4182	220	184	404	0.0966044954567193	MB
BS_W311713R	9848	146	136	282	0.0286352558895207	MB
BS_W7379M7V	10325	186	278	464	0.0449394673123487	MB
BS_W9AT0MR7	12647	97	105	202	0.0159721673124061	MB
BS_WF04GGTX	10321	151	172	323	0.0312954171107451	MB
BS_WH5HDE0A	17384	90	103	193	0.0111021629084215	MB
BS_WRQM11XH	6982	905	399	1304	0.186765969636207	MB
BS_WZZN982T	5386	633	370	1003	0.186223542517638	MB
BS_X56KVW29	2419	217	189	406	0.167837949565936	MB
BS_XC0PNBG2	13819	105	245	350	0.0253274477169115	MB
BS_XNWNXKAD	10641	353	173	526	0.0494314444131191	MB
BS_XVX21VNP	10244	780	467	1247	0.12172979304959	MB
BS_Y89WNXXD	7734	121	196	317	0.0409878458753556	MB
BS_Y8D1F5WW	16965	85	48	133	0.00783966990863543	MB
BS_YEB88D32	9470	69	153	222	0.0234424498416051	MB
BS_YETBN0RQ	12207	50	139	189	0.0154829196362743	MB
BS_YGWTGBWR	11414	91	75	166	0.0145435430173471	MB
BS_YMKX1VP4	23738	377	356	733	0.0308787597944224	MB
BS_YTMHB7J1	10842	725	191	916	0.0844862571481277	MB
BS_YWHJY99A	11294	120	163	283	0.0250575526828404	MB
BS_YXP55JEG	11645	207	267	474	0.0407041648776299	MB
BS_Z45HD492	11329	66	45	111	0.00979786388913408	MB
BS_Z9BBQBA7	8420	314	167	481	0.057125890736342	MB
BS_ZDJEXPYG	20491	596	529	1125	0.0549021521643648	MB
BS_ZMZTCQRM	7240	1276	643	1919	0.265055248618785	MB
BS_ZV68CES9	18168	53	171	224	0.0123293703214443	MB
BS_ZXYDSBM9	15680	95	103	198	0.0126275510204082	MB
BS_ZYBZRQRC	9363	154	87	241	0.0257396133717825	MB
