Sample	Total	AS_neg	AS_pos	AS_total	SI	Histology
BS_00FD2KMP	3448	48	42	90	0.0261020881670534	HGG
BS_00W5QB9S	1709	32	14	46	0.0269163253364541	EPN
BS_014EVM2D	2787	14	17	31	0.0111230714029422	LGG
BS_028YFYJ6	2912	55	34	89	0.0305631868131868	HGG
BS_02NZT8CE	3116	16	6	22	0.00706033376123235	LGG
BS_03FT4S8B	5169	36	54	90	0.0174114915844457	CPG
BS_044XZ8ST	4145	20	25	45	0.0108564535585042	LGG
BS_052PZFMK	1723	9	11	20	0.0116076610562972	HGG
BS_056Q8577	3014	36	80	116	0.0384870603848706	HGG
BS_063ERW0R	3426	9	18	27	0.00788091068301226	LGG
BS_06AMMCXR	3924	23	16	39	0.0099388379204893	LGG
BS_07ANYSYQ	2882	21	16	37	0.0128383067314365	EPN
BS_08B376A6	3076	19	24	43	0.0139791937581274	MB
BS_08TWG4K0	1453	14	9	23	0.0158293186510668	HGG
BS_09Z7TC35	3857	42	39	81	0.0210007778065854	MB
BS_0BTXD5M6	3096	31	23	54	0.0174418604651163	MB
BS_0BXY0F9N	2806	17	22	39	0.0138987883107627	EPN
BS_0C00AYTE	2638	41	21	62	0.023502653525398	HGG
BS_0C7VZC0A	3755	25	25	50	0.0133155792276964	HGG
BS_0D5VRAKC	1169	119	61	180	0.153977758768178	LGG
BS_0EB67GB4	2673	32	22	54	0.0202020202020202	MB
BS_0HKNEFQC	2191	42	20	62	0.028297581013236	MB
BS_0J9SHHSC	4708	21	34	55	0.0116822429906542	LGG
BS_0JAKSXQP	688	24	9	33	0.0479651162790698	LGG
BS_0Q71ZPDX	1425	95	176	271	0.190175438596491	ATRT
BS_0QYS36NR	2647	22	10	32	0.0120891575368342	EPN
BS_0S8E7590	3494	29	38	67	0.0191757298225529	HGG
BS_0SCXXM6N	2730	12	8	20	0.00732600732600733	LGG
BS_0T17SY47	4047	19	27	46	0.0113664442797134	LGG
BS_0TDWG2CV	3040	33	26	59	0.0194078947368421	LGG
BS_0VXZCRJS	2539	9	8	17	0.00669554942890902	HGG
BS_0WQJP6ZG	1287	4	7	11	0.00854700854700855	EPN
BS_0WVJYM9R	3875	17	26	43	0.0110967741935484	LGG
BS_0WZKC4JH	1973	89	58	147	0.0745058286872783	LGG
BS_0X9EGHY2	2193	25	10	35	0.0159598723210214	LGG
BS_0XEG6SNV	4484	46	89	135	0.030107047279215	EPN
BS_0XHT9W4Q	3226	19	25	44	0.0136391816491011	HGG
BS_0Y5J2AQ4	1958	18	7	25	0.0127681307456588	LGG
BS_0Y66ZBWE	3542	21	16	37	0.010446075663467	LGG
BS_0ZA67BBC	2638	8	9	17	0.00644427596664139	HGG
BS_10Z9BMZ7	2339	32	26	58	0.0247969217614365	MB
BS_12G04QJM	1109	55	37	92	0.0829576194770063	HGG
BS_130PVKA7	341	24	6	30	0.0879765395894428	LGG
BS_13CGKADW	3187	16	17	33	0.010354565422027	LGG
BS_15ETQ0E4	2888	17	13	30	0.010387811634349	ATRT
BS_166N7SZQ	1428	29	10	39	0.0273109243697479	LGG
BS_16KA9ZAW	651	9	2	11	0.0168970814132104	LGG
BS_17WYVEEC	2519	16	10	26	0.0103215561730846	LGG
BS_17ZSMXFH	1788	20	24	44	0.0246085011185682	HGG
BS_18M3RHYN	3674	30	52	82	0.0223189983669026	EPN
BS_196BBNEJ	3077	14	23	37	0.0120246993825154	EPN
BS_19Z0ERYF	2779	11	18	29	0.0104354084202951	MB
BS_1A6MQ9ZA	1689	12	2	14	0.00828892835997632	HGG
BS_1AYRM596	2646	11	13	24	0.0090702947845805	MB
BS_1BJNPHMD	3251	19	28	47	0.014457090126115	HGG
BS_1BWP5MCT	3924	35	90	125	0.031855249745158	MB
BS_1D93Z575	4026	100	90	190	0.0471932439145554	HGG
BS_1DECYC4K	2794	20	15	35	0.0125268432355047	LGG
BS_1DMAMKFZ	3307	25	40	65	0.019655276685818	MB
BS_1DNQ1R02	2777	30	45	75	0.0270075621173929	HGG
BS_1EBQ3T20	2950	8	12	20	0.00677966101694915	HGG
BS_1EN5V3XW	3486	14	24	38	0.0109007458405049	HGG
BS_1G3WYEN3	3326	14	20	34	0.0102224894768491	LGG
BS_1HFK0SXV	2933	21	22	43	0.0146607569041937	CPG
BS_1HYS8CSC	1456	13	11	24	0.0164835164835165	LGG
BS_1J2WQ08M	4029	21	21	42	0.0104244229337305	EPN
BS_1JDG6JV5	3810	13	15	28	0.0073490813648294	LGG
BS_1JNJ0NJ6	1897	18	17	35	0.018450184501845	CPG
BS_1N76FQZY	2209	19	11	30	0.0135808057944771	LGG
BS_1NPD7PVG	3116	14	16	30	0.00962772785622593	GNG
BS_1QNTEZPS	3616	17	22	39	0.0107853982300885	ATRT
BS_1QXEC43H	3732	23	42	65	0.017416934619507	MB
BS_1RXZ3BP7	3371	12	12	24	0.00711954909522397	LGG
BS_1TWCV047	2894	18	27	45	0.0155494125777471	MB
BS_1VNMJHMN	2086	22	15	37	0.0177372962607862	LGG
BS_1XFFNFY0	1883	38	15	53	0.0281465746149761	EPN
BS_1Z2CNQEC	1211	18	8	26	0.0214698596201486	MB
BS_1Z9AX9JS	1061	24	10	34	0.0320452403393025	LGG
BS_1ZVXF5FE	2749	13	12	25	0.00909421607857403	LGG
BS_1ZWSD3YQ	1949	42	22	64	0.0328373524884556	MB
BS_21ET39G7	4217	19	26	45	0.0106710931942139	HGG
BS_21RE8W46	3835	32	46	78	0.0203389830508475	LGG
BS_21XGYWWV	3476	62	61	123	0.035385500575374	LGG
BS_22078RXH	1302	25	22	47	0.0360983102918587	CPG
BS_22B80N9T	3179	40	89	129	0.0405787983642655	MB
BS_22QMSCFR	855	54	36	90	0.105263157894737	MB
BS_238MGRTM	1550	33	28	61	0.0393548387096774	EPN
BS_23QW0BBA	2935	14	16	30	0.010221465076661	HGG
BS_23W9EPFE	2502	71	33	104	0.0415667466027178	GNG
BS_24AHZ9ZW	3967	18	25	43	0.0108394252583816	LGG
BS_258RRGDM	2924	19	11	30	0.0102599179206566	GNG
BS_25KYGJ71	1752	29	14	43	0.0245433789954338	HGG
BS_26H7DZD4	1391	46	33	79	0.0567936736161035	MB
BS_2720P44V	2628	12	10	22	0.00837138508371385	LGG
BS_27FYYPJG	1469	23	6	29	0.0197413206262764	GNG
BS_27QE6BV7	3123	24	11	35	0.0112071725904579	GNG
BS_2853394H	2823	25	27	52	0.018420120439249	HGG
BS_297H8BT4	898	34	5	39	0.0434298440979955	HGG
BS_29CPJ040	3166	15	15	30	0.00947567909033481	LGG
BS_29TRQXWM	2230	30	10	40	0.0179372197309417	LGG
BS_29X4ZX6Q	3520	24	21	45	0.0127840909090909	HGG
BS_29YQ60CP	2825	84	147	231	0.0817699115044248	MB
BS_2A5R9MEJ	3683	16	29	45	0.0122183002986696	HGG
BS_2ADZNNV4	2880	11	11	22	0.00763888888888889	LGG
BS_2AR3AP0N	3308	15	12	27	0.00816203143893591	GNG
BS_2ARXK0TD	2824	13	29	42	0.0148725212464589	HGG
BS_2AV1H5TV	446	34	14	48	0.10762331838565	HGG
BS_2CW8AGZ2	3280	68	46	114	0.0347560975609756	CPG
BS_2D1R9SBY	1972	110	70	180	0.0912778904665314	GNG
BS_2E9VDD00	540	17	6	23	0.0425925925925926	LGG
BS_2EDZ7F2G	398	23	17	40	0.100502512562814	HGG
BS_2EMW8ZG3	2714	18	21	39	0.0143699336772292	LGG
BS_2EN3X6HB	1247	12	4	16	0.0128307939053729	HGG
BS_2FEZWH1F	3016	34	34	68	0.0225464190981432	HGG
BS_2G4EH95X	3117	13	29	42	0.0134744947064485	MB
BS_2GSAPE1R	494	41	14	55	0.111336032388664	HGG
BS_2HNXVFAS	3311	30	29	59	0.0178193899124132	HGG
BS_2JP7RBMB	3300	9	17	26	0.00787878787878788	HGG
BS_2K01T8K6	2401	14	7	21	0.0087463556851312	HGG
BS_2KJ2YAZR	3414	14	14	28	0.00820152314001172	LGG
BS_2M4174KG	2060	17	13	30	0.0145631067961165	MB
BS_2QCQYY6M	1203	115	40	155	0.12884455527847	GNG
BS_2R9HK6YY	1786	25	11	36	0.0201567749160134	LGG
BS_2R9TCR03	2752	23	10	33	0.0119912790697674	LGG
BS_2SFTWNVE	4230	25	39	64	0.0151300236406619	MB
BS_2T5PJAW8	1090	36	9	45	0.0412844036697248	HGG
BS_2WANPFBJ	1727	115	83	198	0.114649681528662	HGG
BS_2WPQ8YCW	2276	11	4	15	0.00659050966608084	LGG
BS_2XM08BFY	2107	38	20	58	0.0275272899857617	LGG
BS_2YCJV2VV	3164	8	12	20	0.00632111251580278	LGG
BS_2Z1MKS84	4006	21	22	43	0.0107338991512731	MB
BS_304SPN6B	1993	22	8	30	0.0150526843953838	LGG
BS_30F3Z9FS	3488	31	46	77	0.0220756880733945	HGG
BS_30VC3R2Q	3228	14	11	25	0.00774473358116481	HGG
BS_30YWQ3FY	2398	64	82	146	0.060884070058382	HGG
BS_31MBRWC4	2883	30	75	105	0.036420395421436	HGG
BS_31TF0P1N	1916	21	10	31	0.0161795407098121	ATRT
BS_333KCNDP	2311	28	22	50	0.0216356555603635	HGG
BS_33AQSPRP	1139	101	25	126	0.11062335381914	LGG
BS_34201DKZ	3444	16	29	45	0.0130662020905923	EPN
BS_34CAMM62	1774	24	13	37	0.0208568207440812	MB
BS_397XFJY9	969	23	7	30	0.0309597523219814	MB
BS_399RPKC9	3329	17	11	28	0.00841093421447882	HGG
BS_3A9BTVZJ	1707	41	20	61	0.0357352079671939	EPN
BS_3AC3SRWH	502	23	6	29	0.0577689243027888	HGG
BS_3BVVWHP5	3058	15	25	40	0.013080444735121	LGG
BS_3EVSN5QD	2597	13	15	28	0.0107816711590297	LGG
BS_3F5PR9GS	3000	21	14	35	0.0116666666666667	MB
BS_3G3KWY18	3233	16	17	33	0.0102072378595732	LGG
BS_3GAN6Q43	2469	82	49	131	0.0530579181855002	LGG
BS_3GDARCHK	2967	35	65	100	0.0337040781934614	CPG
BS_3HGBZBGA	818	33	13	46	0.0562347188264059	CPG
BS_3J89DCN0	374	23	73	96	0.25668449197861	HGG
BS_3MS8WVNR	3597	20	13	33	0.00917431192660551	HGG
BS_3MYEMXPQ	2993	11	18	29	0.00968927497494153	MB
BS_3N2YFZFB	3070	37	144	181	0.058957654723127	MB
BS_3NQB12XN	3755	86	87	173	0.0460719041278296	EPN
BS_3NWQXPQV	3136	22	31	53	0.0169005102040816	MB
BS_3P20Q2C3	3794	23	18	41	0.0108065366367949	LGG
BS_3PYESPHA	2854	23	18	41	0.0143658023826209	GNG
BS_3Q0GTSYH	2869	19	9	28	0.00975949808295573	LGG
BS_3RAM3K7B	3926	25	49	74	0.0188487009679063	MB
BS_3SZZ50WB	2142	21	13	34	0.0158730158730159	MB
BS_3TFMJH30	215	21	3	24	0.111627906976744	LGG
BS_3TJHY996	2456	31	20	51	0.0207654723127036	GNG
BS_3TQSE8HF	3573	22	27	49	0.0137139658550238	LGG
BS_3V3KE3VT	3599	29	35	64	0.017782717421506	MB
BS_3VJ0CA6A	2079	9	7	16	0.0076960076960077	LGG
BS_3W07B2TG	3551	16	21	37	0.0104196001126443	LGG
BS_3X9WMZGJ	2631	13	18	31	0.0117825921702775	EPN
BS_3XY76V8T	3428	21	19	40	0.0116686114352392	GNG
BS_3XYJBBHQ	1540	27	14	41	0.0266233766233766	HGG
BS_3Y2X2RBJ	3447	32	34	66	0.0191470844212359	LGG
BS_3ZPJAK9A	2798	46	53	99	0.0353824160114367	HGG
BS_401R3KV0	3142	11	7	18	0.00572883513685551	LGG
BS_418N847Z	2687	24	16	40	0.0148864905098623	EPN
BS_41YS708B	3215	24	23	47	0.0146189735614308	CPG
BS_42DY6WS7	3514	16	17	33	0.00939100739897553	LGG
BS_42Y3YANN	3555	12	11	23	0.00646976090014065	LGG
BS_45J79YTF	2719	12	17	29	0.0106656859139389	HGG
BS_46MF83WA	1874	37	15	52	0.0277481323372465	MB
BS_470DYRJQ	3321	9	13	22	0.00662451068955134	LGG
BS_474A88X1	483	30	9	39	0.0807453416149068	LGG
BS_478TN841	3301	18	27	45	0.0136322326567707	GNG
BS_47SJZ3PH	2495	7	8	15	0.00601202404809619	LGG
BS_49852ZBH	4016	15	29	44	0.0109561752988048	LGG
BS_49BQS7Z6	3535	17	24	41	0.0115983026874116	HGG
BS_49CJNZ06	3454	27	33	60	0.0173711638679792	HGG
BS_49FQXT2E	3336	26	10	36	0.0107913669064748	HGG
BS_4A45GGSW	3256	21	12	33	0.0101351351351351	LGG
BS_4B0BAVTX	3539	14	13	27	0.00762927380615993	HGG
BS_4BM3F6XJ	1508	33	5	38	0.0251989389920424	HGG
BS_4BWB0FA0	3025	43	22	65	0.0214876033057851	LGG
BS_4C4MZ4NT	2911	11	20	31	0.0106492614221917	LGG
BS_4C6B11E4	1749	17	6	23	0.0131503716409377	HGG
BS_4CP4T22V	2633	8	18	26	0.00987466767945309	MB
BS_4CXE5XEP	1917	16	9	25	0.0130412102243088	LGG
BS_4D9DD103	4312	20	41	61	0.0141465677179963	MB
BS_4E1G7E3G	3820	93	117	210	0.0549738219895288	ATRT
BS_4EN8D8Y4	3124	19	17	36	0.0115236875800256	LGG
BS_4FZS7TX4	2015	14	9	23	0.0114143920595534	EPN
BS_4GNN7J8E	2518	11	8	19	0.00754567116759333	HGG
BS_4HQ3T2NC	3309	12	12	24	0.00725294650951949	LGG
BS_4K2TNJ8R	589	65	18	83	0.140916808149406	LGG
BS_4KNBXM3C	2898	39	26	65	0.0224292615596963	HGG
BS_4N1GNHX4	2002	47	11	58	0.028971028971029	LGG
BS_4NF35AF6	3422	9	16	25	0.00730566919929866	LGG
BS_4NWHYH53	1624	9	10	19	0.0116995073891626	EPN
BS_4PBXY1E3	4028	40	60	100	0.0248262164846077	MB
BS_4PH1MBGR	4121	20	41	61	0.0148022324678476	MB
BS_4PPHAQXF	2599	5	13	18	0.00692574066948826	HGG
BS_4PWDGEB0	1942	12	5	17	0.00875386199794027	HGG
BS_4QW2S1Q8	3662	14	19	33	0.00901146914254506	HGG
BS_4SCWT0FX	2410	12	6	18	0.00746887966804979	EPN
BS_4T0HPZDC	2997	9	22	31	0.0103436770103437	EPN
BS_4T0HQ9QF	1513	51	14	65	0.0429610046265697	HGG
BS_4TZQY7TT	746	28	12	40	0.0536193029490617	LGG
BS_4V42BXBT	2980	24	24	48	0.0161073825503356	HGG
BS_4W1PKKYD	1872	31	14	45	0.0240384615384615	LGG
BS_4W68NV3M	3430	22	47	69	0.0201166180758017	MB
BS_4XH092HE	4107	42	47	89	0.0216703189676163	LGG
BS_4Y2JAQTS	2455	52	35	87	0.0354378818737271	GNG
BS_4Y6BCYK5	3232	18	23	41	0.0126856435643564	LGG
BS_4Y93HVP4	2573	21	11	32	0.0124368441507967	LGG
BS_4Z2F4P9N	4170	22	24	46	0.011031175059952	LGG
BS_503DZ8BN	2593	35	23	58	0.022367913613575	LGG
BS_50S6TFFE	2078	31	30	61	0.0293551491819057	EPN
BS_516X056B	2834	39	83	122	0.0430486944248412	MB
BS_51RA1PGE	3664	19	22	41	0.0111899563318777	HGG
BS_52426AMF	3396	14	13	27	0.00795053003533569	LGG
BS_52C576HH	3902	18	26	44	0.0112762685802153	HGG
BS_52DAPP1Y	2459	13	6	19	0.00772671817812119	LGG
BS_52MPKTJH	3428	28	30	58	0.0169194865810968	HGG
BS_534XRSNB	2370	27	8	35	0.0147679324894515	LGG
BS_53GQKVEX	3156	14	16	30	0.00950570342205323	LGG
BS_53KFK3G0	3171	22	30	52	0.0163986124251025	ATRT
BS_53M8PP88	3299	12	23	35	0.0106092755380418	EPN
BS_54CFNJ16	865	72	34	106	0.122543352601156	HGG
BS_54H90JW2	2147	24	15	39	0.0181648812296227	LGG
BS_55JW3HFM	4380	14	40	54	0.0123287671232877	GNG
BS_55P8HPYD	2788	14	10	24	0.00860832137733142	LGG
BS_55X1W2MR	775	60	38	98	0.126451612903226	GNG
BS_57NMZPS0	1351	25	11	36	0.0266469282013323	LGG
BS_58AJ8F56	1120	27	27	54	0.0482142857142857	HGG
BS_58N4Y4ZJ	1865	11	15	26	0.013941018766756	MB
BS_58YXHGAJ	2424	5	8	13	0.00536303630363036	HGG
BS_593HEWBF	2851	11	11	22	0.00771659066994037	GNG
BS_5965SFPZ	3283	11	23	34	0.0103563813585136	HGG
BS_596QRYFP	1607	24	8	32	0.0199128811449907	HGG
BS_5G5BD2MD	1030	33	13	46	0.0446601941747573	HGG
BS_5J5D3QTD	3698	69	63	132	0.0356949702541915	LGG
BS_5JM573JC	3335	47	35	82	0.0245877061469265	GNG
BS_5K3R0F5D	2986	20	11	31	0.0103817816476892	GNG
BS_5K95FX4C	3050	22	21	43	0.0140983606557377	HGG
BS_5KBXD2GQ	1199	64	23	87	0.0725604670558799	HGG
BS_5NWDARXG	3204	14	7	21	0.00655430711610487	LGG
BS_5PJCHF6V	3083	12	23	35	0.0113525786571521	MB
BS_5PV5N4HQ	3187	13	7	20	0.00627549419516787	LGG
BS_5SWXR2QQ	1121	43	17	60	0.0535236396074933	EPN
BS_5VPM0F36	2672	7	6	13	0.00486526946107784	HGG
BS_5VQP0E6K	3338	16	12	28	0.00838825644098262	MB
BS_5YJEPPTP	2862	10	7	17	0.00593990216631726	LGG
BS_5YYCP891	1412	27	15	42	0.0297450424929178	LGG
BS_5ZD8FRPJ	3352	39	66	105	0.0313245823389021	MB
BS_60DX1WQ5	679	35	16	51	0.0751104565537555	LGG
BS_613KQVAE	2337	31	29	60	0.0256739409499358	EPN
BS_61E80SD6	3711	22	33	55	0.0148208030180544	MB
BS_62SW4CC5	2259	30	57	87	0.0385126162018592	HGG
BS_63F8QR26	653	18	9	27	0.0413476263399694	LGG
BS_63JT39PX	1963	30	11	41	0.0208863983698421	LGG
BS_65A41ZQJ	3322	23	26	49	0.0147501505117399	ATRT
BS_65WPD3DA	2887	34	68	102	0.0353307932109456	HGG
BS_66ABA973	2600	10	7	17	0.00653846153846154	LGG
BS_66HQ3E4Z	3312	13	21	34	0.0102657004830918	LGG
BS_67V4F080	2563	58	36	94	0.03667577058135	HGG
BS_67Z63A2K	3318	23	26	49	0.0147679324894515	EPN
BS_680K119G	3088	16	12	28	0.00906735751295337	GNG
BS_68BW2163	2630	11	9	20	0.00760456273764259	LGG
BS_68KX6A42	4589	19	52	71	0.0154717803443016	HGG
BS_699TN5RN	3259	22	9	31	0.00951212028229518	GNG
BS_6AB299R2	3879	29	38	67	0.017272492910544	MB
BS_6AFD49QR	3007	11	30	41	0.0136348520119721	EPN
BS_6AQ5RR83	1755	42	10	52	0.0296296296296296	EPN
BS_6BGES4ZG	2424	48	37	85	0.0350660066006601	HGG
BS_6BHX3P3N	982	71	20	91	0.0926680244399185	ATRT
BS_6BQ2Q78K	1795	23	16	39	0.0217270194986072	MB
BS_6DCSD5Y6	3084	76	144	220	0.0713359273670558	HGG
BS_6EW6X0J0	2117	14	12	26	0.0122815304676429	MB
BS_6G6C7VPX	3274	17	18	35	0.0106902871105681	ATRT
BS_6H1C1ME9	3302	12	13	25	0.00757116898849182	EPN
BS_6H4Q24WA	3134	18	12	30	0.00957243139757498	HGG
BS_6HXD39AM	2869	23	21	44	0.015336354130359	GNG
BS_6KBHF52X	1326	36	17	53	0.0399698340874811	ATRT
BS_6M2053M0	1359	6	5	11	0.00809418690213392	HGG
BS_6MZ7FRZH	3598	14	27	41	0.0113952195664258	EPN
BS_6N3AFF66	2055	15	4	19	0.00924574209245742	LGG
BS_6N7YE1A4	2530	121	86	207	0.0818181818181818	EPN
BS_6NBTFA33	1327	22	9	31	0.0233609645817634	CPG
BS_6NTXGQAC	2884	26	18	44	0.0152565880721221	GNG
BS_6P50QTPP	2652	9	11	20	0.00754147812971342	LGG
BS_6PWHC64Y	2732	16	22	38	0.013909224011713	MB
BS_6RX2743N	2202	33	18	51	0.0231607629427793	MB
BS_6SY64H5J	2948	18	29	47	0.0159430122116689	HGG
BS_6TSAVMT9	3787	46	45	91	0.0240295748613678	LGG
BS_6VF6VPCG	2353	10	2	12	0.00509987250318742	LGG
BS_6VRG1XFB	1490	32	17	49	0.0328859060402685	HGG
BS_6VW8FC7Z	3052	46	48	94	0.0307994757536042	LGG
BS_6W0VHGQE	1864	48	39	87	0.0466738197424893	MB
BS_6WP1FHTE	2860	15	15	30	0.0104895104895105	HGG
BS_6XHRA95C	924	41	30	71	0.0768398268398268	MB
BS_71GFQYV5	1054	70	35	105	0.0996204933586338	LGG
BS_7327SDAQ	3723	14	18	32	0.0085952189094816	HGG
BS_74FS6GMW	3662	20	31	51	0.0139268159475696	ATRT
BS_74G5K7JF	1558	10	8	18	0.0115532734274711	EPN
BS_75YRDXET	2871	26	21	47	0.0163706025774991	HGG
BS_769BDPDB	2930	26	18	44	0.0150170648464164	LGG
BS_76DRXZRJ	2821	21	22	43	0.0152428216944346	LGG
BS_77317DY4	3833	43	86	129	0.0336551004435168	MB
BS_775HDFNY	3452	15	18	33	0.00955967555040556	LGG
BS_77CDMEY4	3348	15	18	33	0.00985663082437276	GNG
BS_77SBTNPN	3120	20	29	49	0.0157051282051282	HGG
BS_78QX3XDF	2860	17	18	35	0.0122377622377622	CPG
BS_78SCX2N9	1973	14	7	21	0.0106436898124683	MB
BS_7APCGCVF	782	43	22	65	0.0831202046035806	HGG
BS_7ARDVFCP	2516	14	14	28	0.0111287758346582	LGG
BS_7B89YR6K	3253	58	52	110	0.0338149400553335	EPN
BS_7BTZQKYY	5164	29	70	99	0.0191711851278079	EPN
BS_7C40TRCY	3278	19	16	35	0.0106772422208664	MB
BS_7FKE2YPB	2679	20	36	56	0.020903322135125	EPN
BS_7FWZ518S	3391	12	25	37	0.0109112356237098	MB
BS_7G42J2SK	2250	14	9	23	0.0102222222222222	EPN
BS_7GJT4A6A	2950	63	75	138	0.0467796610169492	HGG
BS_7GKWKGPH	1852	34	25	59	0.0318574514038877	HGG
BS_7H4RFCW9	2967	15	14	29	0.00977418267610381	LGG
BS_7M3FNSYK	2392	18	9	27	0.0112876254180602	LGG
BS_7MGXMG6S	3572	31	27	58	0.0162374020156775	LGG
BS_7N0B2CY1	2500	17	12	29	0.0116	GNG
BS_7P83Z28P	3356	13	10	23	0.00685339690107271	LGG
BS_7PVJ6Q3D	2168	27	20	47	0.0216789667896679	HGG
BS_7SMY657N	1703	23	7	30	0.0176159718144451	MB
BS_7T1J3KET	2606	17	10	27	0.0103607060629317	CPG
BS_7WKNNRHK	1474	31	14	45	0.0305291723202171	HGG
BS_7XQRH69M	3276	19	24	43	0.0131257631257631	MB
BS_7XRN3CFX	3388	18	18	36	0.0106257378984652	LGG
BS_7Z93ZYMS	3465	14	13	27	0.00779220779220779	LGG
BS_81SP2HX4	3279	26	19	45	0.0137236962488564	MB
BS_83HGE3WV	1888	51	34	85	0.045021186440678	MB
BS_84PYF22K	1822	13	8	21	0.0115257958287596	CPG
BS_84VZX732	691	68	25	93	0.134587554269175	HGG
BS_84XCR9GG	3261	25	17	42	0.0128794848206072	HGG
BS_850BAHH9	2670	14	14	28	0.0104868913857678	ATRT
BS_862NMAR7	4910	36	55	91	0.0185336048879837	HGG
BS_86Q14TZG	3949	20	24	44	0.011142061281337	CPG
BS_880ESDFZ	1316	44	13	57	0.0433130699088146	LGG
BS_8B2RAF9R	2286	84	51	135	0.0590551181102362	MB
BS_8BF616QR	2802	81	38	119	0.042469664525339	LGG
BS_8D0NYM46	3551	23	20	43	0.0121092649957758	CPG
BS_8E8JKP01	2930	19	18	37	0.0126279863481229	HGG
BS_8ERBDF7D	5630	59	106	165	0.0293072824156306	HGG
BS_8GBH4QYB	529	20	7	27	0.0510396975425331	CPG
BS_8GW1TMV2	1587	9	9	18	0.0113421550094518	MB
BS_8H3S44QP	2218	15	8	23	0.0103697024346258	HGG
BS_8J3B6ZB6	3133	13	7	20	0.00638365783593999	LGG
BS_8K9YVM5G	2614	20	24	44	0.0168324407039021	MB
BS_8PE0ZBXN	1280	21	3	24	0.01875	LGG
BS_8PNA0V6R	3401	22	23	45	0.013231402528668	HGG
BS_8Q4JWFKK	855	33	6	39	0.0456140350877193	LGG
BS_8Q7W9NSR	2423	18	18	36	0.0148576145274453	EPN
BS_8Q7Z32DD	60	7	2	9	0.15	LGG
BS_8QJ43WKW	1488	119	31	150	0.100806451612903	LGG
BS_8RCR7Y4B	3681	17	21	38	0.0103232817169247	LGG
BS_8RHPJ740	3166	25	22	47	0.0148452305748579	EPN
BS_8SKZ7BRN	3619	29	27	56	0.0154738878143133	LGG
BS_8T7DZV2F	1364	7	7	14	0.0102639296187683	MB
BS_8TR7980G	1577	31	11	42	0.0266328471781864	LGG
BS_8TTMM7FE	3524	27	42	69	0.0195800227014756	MB
BS_8VAZSJEN	2520	5	11	16	0.00634920634920635	LGG
BS_8YWYN7VH	1092	78	35	113	0.103479853479853	HGG
BS_8Z3SCKB5	3154	22	21	43	0.0136334812935954	LGG
BS_8ZE4Z9G5	3721	41	44	85	0.0228433216877184	HGG
BS_8ZP3CBQA	4544	27	36	63	0.0138644366197183	EPN
BS_8ZS9F31R	1315	8	4	12	0.0091254752851711	HGG
BS_8ZY4GST0	2310	5	10	15	0.00649350649350649	HGG
BS_90B22NGP	3379	34	73	107	0.03166617342409	ATRT
BS_912NX4Y0	3420	28	27	55	0.0160818713450292	GNG
BS_9294WMET	2329	30	15	45	0.0193215972520395	MB
BS_92HCM7BN	1703	11	2	13	0.00763358778625954	LGG
BS_92VDQ0NE	4525	25	39	64	0.0141436464088398	GNG
BS_9477AG24	2358	61	55	116	0.0491942324003393	LGG
BS_94MT16N2	2857	23	25	48	0.0168008400420021	LGG
BS_96BNRT9G	2966	26	30	56	0.0188806473364801	HGG
BS_9755PSCS	1948	8	8	16	0.0082135523613963	LGG
BS_975AWWJE	1268	57	21	78	0.0615141955835962	EPN
BS_97GBG8T6	1105	35	9	44	0.0398190045248869	LGG
BS_97M1E2DW	2397	27	22	49	0.0204422194409679	HGG
BS_996ZS2A4	3470	19	23	42	0.0121037463976945	ATRT
BS_9A1YTHFF	3000	27	37	64	0.0213333333333333	HGG
BS_9B0A62MT	3297	48	67	115	0.0348801941158629	HGG
BS_9BJARSX3	3635	14	29	43	0.0118294360385144	LGG
BS_9CA93S6D	2744	75	129	204	0.0743440233236152	HGG
BS_9D1XZKJE	1161	80	50	130	0.111972437553833	EPN
BS_9DZ253JY	988	38	20	58	0.0587044534412955	LGG
BS_9F09XV62	2652	26	18	44	0.0165912518853695	LGG
BS_9FHEFJNP	906	33	15	48	0.0529801324503311	HGG
BS_9FHSNVS0	3570	58	68	126	0.0352941176470588	ATRT
BS_9GJ3DB1H	3469	32	72	104	0.0299798212741424	HGG
BS_9H1684FJ	1675	63	47	110	0.0656716417910448	CPG
BS_9H7A00PV	4387	64	82	146	0.033280145885571	GNG
BS_9HSGV9TJ	2764	16	12	28	0.0101302460202605	LGG
BS_9JBX2E8G	2149	34	18	52	0.0241973010702652	LGG
BS_9K1H3RPM	1581	21	12	33	0.0208728652751423	MB
BS_9M5XJ10G	3365	21	23	44	0.013075780089153	MB
BS_9NJHQE9F	2686	15	22	37	0.0137751303052867	MB
BS_9NZ2D6AD	2941	21	17	38	0.0129207752465148	MB
BS_9P9MB8X8	2809	10	11	21	0.00747597009611962	LGG
BS_9PB3XH5D	3632	20	20	40	0.0110132158590308	MB
BS_9Q6Z6VJC	3046	12	14	26	0.00853578463558766	LGG
BS_9RT63JD9	3233	21	10	31	0.00958861738323539	LGG
BS_9S7AG4EN	2151	18	19	37	0.0172013017201302	LGG
BS_9SJWWYQ4	2213	8	6	14	0.00632625395390872	LGG
BS_9TXEDSWB	3388	72	52	124	0.0365997638724911	HGG
BS_9V633J1X	4097	27	44	71	0.0173297534781547	MB
BS_9XVACXP0	3438	14	12	26	0.00756253635834788	HGG
BS_9Y1K14Q5	1205	14	9	23	0.0190871369294606	HGG
BS_9YXH2CZ0	1770	17	4	21	0.011864406779661	LGG
BS_9ZJT0CP0	2867	33	27	60	0.0209277990931287	HGG
BS_A0DYVX9J	1265	19	6	25	0.0197628458498024	HGG
BS_A13BMEF5	2940	11	11	22	0.00748299319727891	LGG
BS_A14Z8BBK	2919	15	17	32	0.0109626584446728	MB
BS_A1V3BH0Z	2190	85	44	129	0.0589041095890411	LGG
BS_A1VEGWTR	3273	11	14	25	0.00763825236785823	LGG
BS_A2YNJVVG	2397	32	22	54	0.0225281602002503	LGG
BS_A46RDWGM	2984	10	20	30	0.0100536193029491	LGG
BS_A52V3XJM	2932	65	149	214	0.072987721691678	MB
BS_A6NXR7RC	1348	10	8	18	0.013353115727003	HGG
BS_A76PNWQS	1994	12	16	28	0.0140421263791374	LGG
BS_A7MC2KR2	3583	12	14	26	0.00725648897571867	CPG
BS_A7Q8G0Y1	1548	17	26	43	0.0277777777777778	HGG
BS_A7W82CVE	549	23	17	40	0.0728597449908925	LGG
BS_A87NPZAP	2856	25	68	93	0.032563025210084	MB
BS_A8XW5S0W	2903	25	28	53	0.0182569755425422	HGG
BS_A96FKXN5	1335	32	13	45	0.0337078651685393	LGG
BS_ABYF92Z9	3108	16	7	23	0.0074002574002574	CPG
BS_AD4JPN9Q	3439	11	19	30	0.00872346612387322	GNG
BS_ADEE1SN5	1707	20	14	34	0.0199179847685999	EPN
BS_AG3D3435	2853	11	16	27	0.00946372239747634	LGG
BS_AGTPCRR4	2676	13	9	22	0.00822122571001495	EPN
BS_AHEFXG7W	2797	13	9	22	0.0078655702538434	MB
BS_AKNF1CJX	922	35	21	56	0.0607375271149675	ATRT
BS_AKRHBPNZ	3304	21	15	36	0.0108958837772397	GNG
BS_AKT8HK8J	2310	24	9	33	0.0142857142857143	LGG
BS_AM0BZ61K	895	42	30	72	0.0804469273743017	LGG
BS_AM70R8RG	4223	23	31	54	0.0127871181624438	MB
BS_AMZ70B6F	3366	16	23	39	0.0115864527629234	MB
BS_AP0SZ364	3487	19	13	32	0.00917694293088615	LGG
BS_AP814Q8D	1846	85	45	130	0.0704225352112676	EPN
BS_ARBQDTT5	2540	10	7	17	0.00669291338582677	LGG
BS_ATHSTZ5R	1821	11	9	20	0.0109829763866008	LGG
BS_AV9PD1CR	724	33	10	43	0.0593922651933702	LGG
BS_AVYNZHSB	2417	12	14	26	0.0107571369466281	LGG
BS_AW7J9F9R	987	97	48	145	0.146909827760892	LGG
BS_AWH9757B	3872	18	22	40	0.0103305785123967	HGG
BS_AWJFW3W5	3301	27	29	56	0.0169645561950924	MB
BS_AYSXRQWY	1787	43	21	64	0.0358142137660884	HGG
BS_AZQM1JJH	2866	33	63	96	0.0334961618981158	HGG
BS_B0SVFK4P	3524	35	34	69	0.0195800227014756	LGG
BS_B1C6GZ84	3031	12	15	27	0.00890795117123062	HGG
BS_B1HF89ES	4008	32	44	76	0.0189620758483034	HGG
BS_B1HVNV0T	3411	16	25	41	0.0120199355027851	ATRT
BS_B1J776DQ	607	28	9	37	0.0609555189456343	LGG
BS_B2QMR6Z9	2521	62	35	97	0.0384767949226497	LGG
BS_B3M5SGPA	3321	25	28	53	0.0159590484793737	LGG
BS_B3MQFFYP	2049	25	15	40	0.0195217179111762	HGG
BS_B4R7X1KE	3963	26	33	59	0.0148877113298007	HGG
BS_B53Z0T1Q	2765	15	12	27	0.00976491862567812	CPG
BS_B57327NA	811	45	22	67	0.0826140567200986	HGG
BS_B5JM6T8K	1823	43	15	58	0.031815688425672	LGG
BS_B6JKQFKA	1040	50	23	73	0.0701923076923077	LGG
BS_B6M763JS	2864	20	14	34	0.0118715083798883	LGG
BS_B7GEH89C	1884	15	5	20	0.0106157112526539	LGG
BS_B7X8VXQ3	2477	12	2	14	0.00565199838514332	GNG
BS_BA6AZWB3	3357	14	20	34	0.010128090557045	MB
BS_BANCTAV6	3570	98	84	182	0.0509803921568627	LGG
BS_BBAEMXRD	1727	15	39	54	0.0312680949623625	HGG
BS_BBQ6BHGN	1878	54	16	70	0.0372736954206603	HGG
BS_BC936YNZ	2320	10	11	21	0.00905172413793104	LGG
BS_BD2TNN61	912	26	8	34	0.037280701754386	ATRT
BS_BE1WV2B2	1873	10	6	16	0.00854244527495996	MB
BS_BE6EZQHP	2359	21	14	35	0.0148367952522255	MB
BS_BEKKNDWB	1693	33	15	48	0.0283520378027171	MB
BS_BGFDW0VM	1155	31	13	44	0.0380952380952381	ATRT
BS_BHR08WGW	3032	14	13	27	0.00890501319261214	CPG
BS_BJBM0BN7	1928	43	12	55	0.0285269709543568	LGG
BS_BJDNWMJH	2931	19	17	36	0.0122824974411464	EPN
BS_BK0HGRXM	2764	13	15	28	0.0101302460202605	HGG
BS_BKQZ550R	3388	9	10	19	0.00560802833530106	LGG
BS_BMMY0H73	2731	16	11	27	0.00988648846576346	HGG
BS_BN3VGJP0	621	37	13	50	0.0805152979066023	ATRT
BS_BN986DF6	3186	14	11	25	0.00784682988072819	LGG
BS_BNECCX4D	2847	13	17	30	0.0105374077976818	LGG
BS_BPKRC55C	643	55	17	72	0.111975116640746	EPN
BS_BPM1MRGT	2015	43	16	59	0.0292803970223325	LGG
BS_BPSTSCBJ	3485	14	15	29	0.00832137733142037	LGG
BS_BPWEFR89	3498	13	23	36	0.0102915951972556	MB
BS_BSMKSA87	1747	48	34	82	0.046937607326846	CPG
BS_BSV07M7Z	3716	14	37	51	0.013724434876211	MB
BS_BVSW4GTG	2804	18	12	30	0.0106990014265335	MB
BS_BW1Z7QQY	1151	28	17	45	0.0390964378801043	EPN
BS_BW79W2PD	2761	91	108	199	0.0720753350235422	LGG
BS_BYBG9F2X	1731	15	6	21	0.0121317157712305	EPN
BS_C05FKR8X	3109	21	24	45	0.0144741074300418	EPN
BS_C0GQVFWA	1962	89	48	137	0.0698267074413863	MB
BS_C0NEVC2B	2320	25	18	43	0.0185344827586207	GNG
BS_C0XFDP38	2917	23	22	45	0.0154268083647583	CPG
BS_C3NW374Q	1353	71	43	114	0.0842572062084257	HGG
BS_C3P5BC92	2242	27	21	48	0.0214094558429973	CPG
BS_C41DJZ1F	2752	26	16	42	0.0152616279069767	HGG
BS_C51RB0YR	3414	14	35	49	0.0143526654950205	LGG
BS_C6SKJG3N	3217	14	8	22	0.00683866956792042	LGG
BS_C6ZZ3FY5	1217	6	9	15	0.0123253903040263	HGG
BS_C7A2TYAC	3337	16	16	32	0.00958945160323644	LGG
BS_C80S5N37	2704	14	19	33	0.0122041420118343	EPN
BS_C83TK159	1917	7	2	9	0.00469483568075117	HGG
BS_C853MJT4	1179	39	13	52	0.0441051738761662	MB
BS_C8KEG501	1379	15	9	24	0.0174039158810732	LGG
BS_C8ME4RZA	1851	41	23	64	0.0345759049162615	CPG
BS_C8RVHTVV	3349	58	39	97	0.0289638698118841	MB
BS_CB6VK7PB	3955	12	28	40	0.0101137800252845	LGG
BS_CC6RREE4	3017	16	31	47	0.0155783891282731	GNG
BS_CCBW38BM	2674	29	18	47	0.0175766641735228	MB
BS_CE7C68FX	515	50	20	70	0.135922330097087	EPN
BS_CF63VG3S	3623	36	38	74	0.0204250621032294	HGG
BS_CFCWWFKG	1052	92	39	131	0.124524714828897	CPG
BS_CFD3WHAY	1644	27	8	35	0.0212895377128954	HGG
BS_CG1RG607	2865	54	82	136	0.0474694589877836	HGG
BS_CG6R2RED	2984	34	101	135	0.0452412868632708	MB
BS_CGB2WS2A	3140	11	7	18	0.00573248407643312	LGG
BS_CH8Q6FCN	1809	54	29	83	0.0458817025981205	LGG
BS_CHDGRYHJ	1554	16	13	29	0.0186615186615187	MB
BS_CKKY5S4M	885	73	24	97	0.109604519774011	MB
BS_CM14SRVX	4113	93	64	157	0.0381716508631169	GNG
BS_CMDJJQ7K	1355	26	11	37	0.0273062730627306	LGG
BS_CN0GW92K	2402	37	25	62	0.025811823480433	MB
BS_CN797XGY	1531	17	10	27	0.0176355323318093	EPN
BS_CPWBFHAC	3363	22	40	62	0.0184359203092477	LGG
BS_CRG16D94	1429	35	21	56	0.0391882435269419	ATRT
BS_CS170P7T	2689	14	13	27	0.0100409074005206	LGG
BS_CTR5X93B	2653	9	11	20	0.00753863550697324	LGG
BS_CV8J6WK8	1616	27	12	39	0.0241336633663366	CPG
BS_CVEDJGHZ	3445	23	30	53	0.0153846153846154	HGG
BS_CVGFNCBJ	3016	27	18	45	0.014920424403183	LGG
BS_CVGPSXV7	2089	21	20	41	0.0196266156055529	LGG
BS_CX7NH77G	1009	26	14	40	0.0396432111000991	LGG
BS_CXAQDK7S	2158	39	20	59	0.0273401297497683	HGG
BS_CXVJK2FY	3176	16	17	33	0.0103904282115869	EPN
BS_CZ3ER8DY	1829	12	8	20	0.0109349371241115	EPN
BS_CZ3NA7KV	1483	8	6	14	0.00944032366824005	EPN
BS_CZPQ493E	4807	86	96	182	0.0378614520490951	HGG
BS_D144EJRQ	2999	21	17	38	0.0126708902967656	MB
BS_D2K9C7XR	3914	17	35	52	0.0132856412876852	CPG
BS_D3YBV7KB	3325	17	21	38	0.0114285714285714	LGG
BS_D46WVFCP	2811	21	21	42	0.0149413020277481	MB
BS_D48301X5	2647	26	13	39	0.0147336607480166	EPN
BS_D4VNDNQA	2683	52	29	81	0.0301900857249348	HGG
BS_D5NQV7N5	1840	12	9	21	0.0114130434782609	CPG
BS_D6J2BGDJ	1294	20	14	34	0.0262751159196291	HGG
BS_DB75RPCD	4091	84	81	165	0.0403324370569543	HGG
BS_DEHJF4C7	3574	17	15	32	0.0089535534415221	LGG
BS_DFGS950G	1826	25	14	39	0.0213581599123768	HGG
BS_DFWFBYSN	2894	13	19	32	0.0110573600552868	MB
BS_DGWXNSPK	2688	26	26	52	0.0193452380952381	GNG
BS_DHA5FMVW	3268	15	19	34	0.0104039167686659	ATRT
BS_DK87G2MP	1961	145	121	266	0.135645079041305	HGG
BS_DMJHAG9X	1510	17	6	23	0.0152317880794702	LGG
BS_DMZP9G1H	3108	18	20	38	0.0122265122265122	GNG
BS_DNZVP92S	1793	16	8	24	0.0133853876185165	HGG
BS_DPA539AJ	1893	34	19	53	0.0279978869519282	MB
BS_DPF1CX0G	2749	19	19	38	0.0138232084394325	LGG
BS_DR079H0D	2191	24	53	77	0.0351437699680511	HGG
BS_DRD9QXR5	3751	11	25	36	0.00959744068248467	CPG
BS_DS1HY9A0	1716	51	22	73	0.0425407925407925	ATRT
BS_DS438CXE	3578	22	16	38	0.0106204583566238	HGG
BS_DS4Z2VBP	3403	28	37	65	0.0191007934175727	EPN
BS_DSPVSM7D	515	17	12	29	0.0563106796116505	HGG
BS_DSS3S5XD	3328	21	18	39	0.01171875	LGG
BS_DV86M0Y7	3483	16	15	31	0.00890037324145851	LGG
BS_DZ4B5A40	3942	50	48	98	0.0248604769152714	LGG
BS_DZFV0CFA	439	54	11	65	0.148063781321185	GNG
BS_DZNXFPH1	1294	55	27	82	0.0633693972179289	HGG
BS_E054DFJN	2648	32	26	58	0.0219033232628399	CPG
BS_E0XXZRKS	3116	89	71	160	0.0513478818998716	LGG
BS_E0ZEECZ6	1922	33	15	48	0.0249739854318418	ATRT
BS_E1B3BKYA	2764	34	39	73	0.026410998552822	LGG
BS_E1CGF3KV	3010	17	12	29	0.00963455149501661	LGG
BS_E2B5BJ7A	2278	34	24	58	0.0254609306409131	EPN
BS_E2DEWCSK	1756	14	4	18	0.010250569476082	LGG
BS_E3BAT4C1	3408	16	32	48	0.0140845070422535	MB
BS_E3EJHXQV	2323	15	3	18	0.00774860094705123	LGG
BS_E4F1D721	2930	18	6	24	0.00819112627986348	EPN
BS_E4QK839R	3190	25	26	51	0.015987460815047	LGG
BS_E67QTP84	2147	16	22	38	0.0176991150442478	MB
BS_E6DT3HPT	392	29	10	39	0.0994897959183673	LGG
BS_E7NVYA6G	3143	47	47	94	0.0299077314667515	HGG
BS_EB0XRBT9	2478	8	9	17	0.00686037126715093	HGG
BS_EBMCTR80	3026	16	14	30	0.00991407799074686	LGG
BS_ECGQWHNQ	2399	29	15	44	0.0183409754064193	LGG
BS_ECNBQ2RA	917	12	13	25	0.0272628135223555	HGG
BS_ECP485VV	1695	40	37	77	0.0454277286135693	MB
BS_ED8G98XT	2615	57	31	88	0.0336520076481836	HGG
BS_EFE4YEK3	3764	27	37	64	0.0170031880977683	MB
BS_EFEZB0ZH	2966	19	26	45	0.0151719487525287	LGG
BS_EHVYJAVA	3657	19	22	41	0.0112113754443533	LGG
BS_EJSWEM34	1764	38	27	65	0.0368480725623583	CPG
BS_EK5PCKY0	900	7	10	17	0.0188888888888889	EPN
BS_EMAJ7P3P	2675	92	54	146	0.0545794392523365	LGG
BS_EMMF4PZX	3430	21	22	43	0.012536443148688	CPG
BS_EMYET8F4	3587	18	28	46	0.0128240869807639	EPN
BS_EN2VK7NY	3677	14	19	33	0.00897470764209954	LGG
BS_ENEYB4TG	3045	15	15	30	0.00985221674876847	HGG
BS_ENX83H9Z	2613	24	20	44	0.0168388825105243	HGG
BS_EQKYB3JB	1207	66	38	104	0.0861640430820215	MB
BS_ERJAJ0KA	4023	22	23	45	0.0111856823266219	GNG
BS_ERJT2RFF	425	40	15	55	0.129411764705882	LGG
BS_ERWT0ZWE	3535	13	38	51	0.0144271570014144	MB
BS_ET8CJXSF	3317	11	16	27	0.00813988543864938	LGG
BS_ETDCPRAM	1954	47	26	73	0.0373592630501535	CPG
BS_ETM3DW4J	1770	23	9	32	0.0180790960451977	EPN
BS_EVCAC3NH	1175	7	2	9	0.00765957446808511	EPN
BS_EWC2NGHN	2870	22	25	47	0.0163763066202091	EPN
BS_EXPJQZTH	1733	12	15	27	0.0155799192152337	HGG
BS_EXYHZ6D4	506	29	5	34	0.0671936758893281	LGG
BS_EY2B6KD0	485	23	8	31	0.0639175257731959	LGG
BS_EYSS0ZDS	3152	29	26	55	0.0174492385786802	LGG
BS_EYYMKWB7	3281	17	28	45	0.0137153306918622	LGG
BS_EZ3147MX	5105	26	73	99	0.0193927522037218	HGG
BS_F0JB4EAK	2063	9	4	13	0.00630150266602036	HGG
BS_F0ZP45KB	2470	96	67	163	0.0659919028340081	GNG
BS_F1K9QTBS	1161	17	6	23	0.0198105081826012	LGG
BS_F21R36MM	2726	40	19	59	0.0216434336023478	HGG
BS_F349AQKV	894	16	8	24	0.0268456375838926	LGG
BS_F37P8QT7	94	5	5	10	0.106382978723404	LGG
BS_F4E8R9VY	2481	21	8	29	0.0116888351471181	GNG
BS_F5QBVPP0	3305	25	35	60	0.0181543116490166	MB
BS_F65GWS21	663	41	26	67	0.10105580693816	HGG
BS_F6V1Y4QS	3330	20	30	50	0.015015015015015	LGG
BS_F6ZHHA54	804	50	30	80	0.0995024875621891	MB
BS_F77MGAQT	2165	29	41	70	0.0323325635103926	LGG
BS_F8N6CFQE	3000	13	9	22	0.00733333333333333	LGG
BS_F9Y4Z92G	3274	29	26	55	0.0167990226023213	HGG
BS_FAQQ0GCQ	3957	18	22	40	0.0101086681829669	GNG
BS_FBRNNYCA	1989	16	10	26	0.0130718954248366	MB
BS_FCDAH728	3136	14	25	39	0.0124362244897959	HGG
BS_FEKM7X6Z	1294	45	18	63	0.0486862442040185	CPG
BS_FEV5A0HN	3184	9	16	25	0.00785175879396985	HGG
BS_FGJH1X0S	2232	24	27	51	0.0228494623655914	HGG
BS_FGQA2S06	2189	23	18	41	0.0187300137048881	LGG
BS_FHM1TKTT	2522	48	51	99	0.0392545598731166	MB
BS_FJ2H219D	400	29	6	35	0.0875	HGG
BS_FJWZ3M7V	3199	13	14	27	0.00844013754298218	LGG
BS_FKASA3MN	1525	16	17	33	0.0216393442622951	HGG
BS_FKDQJJB5	2680	16	11	27	0.0100746268656716	MB
BS_FQ5VYCBD	2654	21	15	36	0.0135644310474755	HGG
BS_FR42HY0Z	1540	33	13	46	0.0298701298701299	LGG
BS_FRZ76GEG	3191	11	18	29	0.00908806016922595	CPG
BS_FTKPQ5FZ	956	13	7	20	0.0209205020920502	EPN
BS_FV820J38	2346	21	12	33	0.0140664961636829	MB
BS_FW5ECXXK	1217	15	7	22	0.0180772391125719	EPN
BS_FX2P2WEG	2578	30	14	44	0.0170674941815361	HGG
BS_FXJY0MNH	3449	67	50	117	0.0339228761959988	HGG
BS_FYP2B298	3103	33	30	63	0.0203029326458266	HGG
BS_FYRDYBMZ	2456	25	16	41	0.0166938110749186	HGG
BS_FZRCFK0W	826	43	12	55	0.0665859564164649	LGG
BS_G00FHF3Q	3581	16	28	44	0.0122870706506562	MB
BS_G0RPJHA9	1764	16	7	23	0.0130385487528345	EPN
BS_G19QZG4S	2280	38	20	58	0.0254385964912281	HGG
BS_G1DAGKSY	1170	37	16	53	0.0452991452991453	LGG
BS_G1E5DATJ	2786	7	16	23	0.00825556353194544	HGG
BS_G23JJAZY	1527	9	3	12	0.00785854616895874	EPN
BS_G257VSS9	2505	13	10	23	0.00918163672654691	HGG
BS_G3NN392N	1890	20	24	44	0.0232804232804233	HGG
BS_G5NHSFD4	3452	20	36	56	0.0162224797219003	HGG
BS_G5QBBHDV	2230	43	39	82	0.0367713004484305	LGG
BS_G63HYD6N	3715	15	30	45	0.0121130551816958	EPN
BS_G6RKBJEY	1713	11	8	19	0.0110916520723876	ATRT
BS_G7AGNB5G	3147	13	17	30	0.00953288846520496	LGG
BS_G8TXTX0H	1599	21	6	27	0.0168855534709193	HGG
BS_G9219PMD	333	26	7	33	0.0990990990990991	LGG
BS_G9XE3N9T	3144	13	11	24	0.00763358778625954	LGG
BS_GAGRGSSX	2836	29	18	47	0.0165726375176305	ATRT
BS_GC3CH9TY	3454	16	26	42	0.0121598147075854	CPG
BS_GCA4GET3	3061	12	10	22	0.00718719372754002	LGG
BS_GCQFGDTX	4397	27	36	63	0.014327950875597	MB
BS_GE2RVZE6	3890	14	31	45	0.0115681233933162	MB
BS_GG9W3J9Y	3179	15	17	32	0.0100660585089651	HGG
BS_GHNJ4CYC	2443	16	12	28	0.0114613180515759	LGG
BS_GHZJ8FX3	265	21	7	28	0.105660377358491	LGG
BS_GJNCYABP	2439	7	7	14	0.00574005740057401	ATRT
BS_GKDWPV3K	1444	46	21	67	0.046398891966759	ATRT
BS_GKZZJ29B	1993	23	17	40	0.0200702458605118	EPN
BS_GMDQK06Q	3530	13	24	37	0.0104815864022663	CPG
BS_GMF4ABXJ	3829	42	56	98	0.0255941499085923	GNG
BS_GMJBGBWB	2956	12	12	24	0.0081190798376184	CPG
BS_GNV89A5P	3019	13	18	31	0.0102683007618417	MB
BS_GPEGRCCT	3657	19	21	40	0.0109379272627837	LGG
BS_GR46VD0Q	3968	17	34	51	0.0128528225806452	LGG
BS_GS1KR5PK	4408	40	88	128	0.029038112522686	MB
BS_GS7Q2JHA	2066	20	10	30	0.0145208131655373	EPN
BS_GSV81YTV	1803	54	33	87	0.0482529118136439	LGG
BS_GTZCFGRZ	3502	34	31	65	0.0185608223872073	GNG
BS_GV3NZ9QD	3457	13	16	29	0.00838877639571883	EPN
BS_GVPKBXC1	3314	49	47	96	0.0289680144840072	ATRT
BS_GW0GKWMS	3130	11	12	23	0.0073482428115016	HGG
BS_GWCRMKE6	3312	16	14	30	0.00905797101449275	LGG
BS_GWHYM3R4	1294	87	20	107	0.0826893353941267	HGG
BS_GWSJ4Z9H	3479	12	15	27	0.00776085081920092	HGG
BS_GYA4V1RD	4208	17	23	40	0.00950570342205323	LGG
BS_GYXSDZ56	3423	15	23	38	0.0111013730645632	LGG
BS_H08FEN68	2370	82	169	251	0.105907172995781	LGG
BS_H0QWRJE2	2999	12	17	29	0.00966988996332111	HGG
BS_H0TJS3RZ	2339	66	32	98	0.0418982471141513	GNG
BS_H0WF1WHE	2074	6	9	15	0.00723240115718419	LGG
BS_H18EDRJK	1982	14	12	26	0.0131180625630676	CPG
BS_H1XPVS9A	2830	12	14	26	0.00918727915194346	LGG
BS_H1ZS5FMZ	2897	12	11	23	0.00793924749741112	HGG
BS_H3FE3TH9	3483	12	21	33	0.00947459086993971	LGG
BS_H4B5Y6S0	1634	10	12	22	0.0134638922888617	MB
BS_H4NXBD2D	1497	9	8	17	0.0113560454241817	EPN
BS_H5VQJR7X	1182	79	29	108	0.0913705583756345	HGG
BS_H8A9PSYA	2540	12	7	19	0.00748031496062992	LGG
BS_H97S5SQN	3088	12	17	29	0.00939119170984456	HGG
BS_H9EX5WX3	3679	38	51	89	0.0241913563468334	LGG
BS_H9JYKFTV	1493	9	4	13	0.0087073007367716	HGG
BS_HA20Y4XY	3207	8	8	16	0.00498908637355784	LGG
BS_HB03GSHF	2896	12	16	28	0.00966850828729282	MB
BS_HC44ZA0V	3123	11	22	33	0.010566762728146	EPN
BS_HC5M8JTC	3413	11	13	24	0.00703193671256959	LGG
BS_HD33RVPJ	1564	46	16	62	0.0396419437340153	MB
BS_HD4EJYE3	3558	17	29	46	0.0129286115795391	MB
BS_HDPCQETG	1439	15	10	25	0.0173731758165393	HGG
BS_HE0WJRW6	3617	33	38	71	0.0196295272325131	HGG
BS_HE57E1RP	2749	20	12	32	0.0116405965805748	MB
BS_HF3RNN2T	2883	15	13	28	0.00971210544571627	MB
BS_HHPA8NJ2	2642	23	22	45	0.0170325510976533	MB
BS_HJRTC9JQ	4160	18	30	48	0.0115384615384615	HGG
BS_HJVKKWGP	2244	32	24	56	0.0249554367201426	EPN
BS_HK9P0Q4G	2307	62	24	86	0.0372778500216732	LGG
BS_HKZENFDA	1312	4	8	12	0.00914634146341463	MB
BS_HM0R6SXQ	2112	17	12	29	0.0137310606060606	LGG
BS_HM997M0B	1325	52	34	86	0.0649056603773585	CPG
BS_HNMQ7488	2319	26	23	49	0.0211297973264338	LGG
BS_HPEYQCY8	918	21	12	33	0.0359477124183007	LGG
BS_HPV4F6VR	2111	17	26	43	0.0203694931312174	CPG
BS_HQ5BJ6MW	2694	10	9	19	0.00705270972531552	LGG
BS_HQDXQ5Y4	1211	37	20	57	0.0470685383980182	LGG
BS_HQNTHFJT	1402	108	56	164	0.1169757489301	LGG
BS_HQYGYPCV	2123	37	18	55	0.0259067357512953	LGG
BS_HRJ9145M	2640	40	23	63	0.0238636363636364	HGG
BS_HSHN8PBB	2970	25	13	38	0.0127946127946128	LGG
BS_HSPV8GXC	133	8	4	12	0.0902255639097744	LGG
BS_HSTNFPKW	1817	11	11	22	0.0121078701155751	LGG
BS_HTEPAKCM	2841	13	20	33	0.0116156282998944	MB
BS_HTSFDSJR	574	66	34	100	0.174216027874564	EPN
BS_HV8PFRBR	2241	18	8	26	0.0116019634091923	LGG
BS_HVGKX0WY	3036	45	69	114	0.0375494071146245	MB
BS_HWVD3RH0	794	32	15	47	0.0591939546599496	LGG
BS_HX0S30NE	3281	9	13	22	0.00670527278268821	LGG
BS_HX8XJ18H	1171	21	9	30	0.0256191289496157	ATRT
BS_HY2GHM23	2692	26	53	79	0.0293462109955423	MB
BS_HYASKY2Z	1669	12	11	23	0.0137807070101857	EPN
BS_HYYWQVTD	2831	31	26	57	0.0201342281879195	ATRT
BS_HZ707C55	3247	9	26	35	0.0107791807822605	EPN
BS_HZ9AYDCQ	3498	21	24	45	0.0128644939965695	HGG
BS_HZE3KYZ1	2641	11	12	23	0.00870882241575161	MB
BS_HZRM07TW	3331	24	32	56	0.0168117682377664	MB
BS_J1AB8PMA	2969	15	9	24	0.00808352980801617	MB
BS_J483EMFP	3361	33	30	63	0.0187444213031836	ATRT
BS_J4JY2F3H	1982	68	33	101	0.0509586276488396	HGG
BS_J4QMPCS6	1044	35	14	49	0.0469348659003831	CPG
BS_J5H5VXWY	1960	29	9	38	0.0193877551020408	LGG
BS_J6VKB1VE	2448	17	22	39	0.0159313725490196	LGG
BS_J70GK8SM	1127	6	6	12	0.0106477373558119	EPN
BS_J71N7D09	4683	82	109	191	0.0407858210548794	MB
BS_J8G4SH4Z	3463	16	17	33	0.00952930984695351	MB
BS_J8VX4D17	3156	15	23	38	0.0120405576679341	EPN
BS_J9CBGP57	3519	17	23	40	0.0113668655868144	HGG
BS_J9M83K8T	1599	27	13	40	0.0250156347717323	GNG
BS_JB43XBCQ	2460	8	12	20	0.00813008130081301	HGG
BS_JC7WDK1A	71	7	1	8	0.112676056338028	CPG
BS_JCKGMNR0	1119	23	10	33	0.0294906166219839	EPN
BS_JCPKYHKY	3748	14	21	35	0.00933831376734258	CPG
BS_JDSNFYQ0	843	52	20	72	0.0854092526690391	HGG
BS_JDWFEE36	1494	56	29	85	0.0568942436412316	LGG
BS_JE6RR750	3636	45	85	130	0.0357535753575358	MB
BS_JFB984RG	2672	10	14	24	0.00898203592814371	MB
BS_JFR750KD	3662	24	22	46	0.0125614418350628	LGG
BS_JG9JZTA9	2903	23	12	35	0.0120564932828109	LGG
BS_JGKZ54SA	1627	16	10	26	0.015980331899201	LGG
BS_JH29M4KG	3788	15	16	31	0.00818373812038015	LGG
BS_JHGW42S6	3180	24	12	36	0.0113207547169811	EPN
BS_JHTBR7DW	2071	18	16	34	0.0164171897633993	EPN
BS_JJNRHMKM	1793	20	12	32	0.0178471834913553	CPG
BS_JJVH7WR0	1719	13	21	34	0.0197789412449098	HGG
BS_JJW609CE	982	106	43	149	0.15173116089613	MB
BS_JKDKZSX8	807	31	14	45	0.0557620817843866	LGG
BS_JKXA3FQC	3365	21	17	38	0.0112927191679049	LGG
BS_JMD386Z2	597	5	8	13	0.0217755443886097	HGG
BS_JMHG7GCN	2944	13	15	28	0.00951086956521739	LGG
BS_JMMPW4G3	2187	34	26	60	0.0274348422496571	MB
BS_JN3S2H2Z	466	69	19	88	0.188841201716738	LGG
BS_JNXMRAW1	835	25	11	36	0.0431137724550898	LGG
BS_JP95KMRD	2889	10	13	23	0.00796123226029768	HGG
BS_JPHWQ1TV	3017	21	23	44	0.0145840238647663	MB
BS_JQGJQ2QZ	3100	27	69	96	0.0309677419354839	HGG
BS_JQVAWTTM	2346	22	14	36	0.0153452685421995	HGG
BS_JQX8GXMG	2204	27	21	48	0.0217785843920145	MB
BS_JQXHHK0K	2134	15	11	26	0.0121836925960637	HGG
BS_JR5ATB7G	3570	21	31	52	0.0145658263305322	MB
BS_JRYJGYC4	3186	32	35	67	0.0210295040803515	HGG
BS_JS95PE0J	3230	16	17	33	0.0102167182662539	HGG
BS_JT82QGXF	3019	21	31	52	0.0172242464392183	MB
BS_JTMXAMB7	1493	5	4	9	0.00602813127930342	MB
BS_JTWNJ8T7	2292	30	25	55	0.0239965095986038	HGG
BS_JVA2NQFF	3740	15	19	34	0.00909090909090909	LGG
BS_JVW2JJ39	3412	63	62	125	0.0366354044548652	HGG
BS_JVZ7AQPV	282	29	8	37	0.131205673758865	HGG
BS_JWSR581E	3446	21	10	31	0.0089959373186303	LGG
BS_JX4QBM9G	2958	45	22	67	0.0226504394861393	GNG
BS_JX7S9MY7	1618	43	18	61	0.0377008652657602	CPG
BS_JXTZSFX3	1666	47	22	69	0.0414165666266507	HGG
BS_JZRM1S3T	3331	23	22	45	0.0135094566196337	MB
BS_K0X3PZGN	2807	36	71	107	0.0381189882436765	HGG
BS_K1024ZPM	2305	18	15	33	0.0143167028199566	EPN
BS_K17VQECG	3060	10	11	21	0.00686274509803922	HGG
BS_K19586VM	1418	87	43	130	0.0916784203102962	MB
BS_K25F4J3V	2490	11	10	21	0.00843373493975904	ATRT
BS_K2N1WEZ7	1539	14	6	20	0.0129954515919428	HGG
BS_K2PCC777	2734	22	17	39	0.0142648134601317	HGG
BS_K2VYFVKZ	3456	15	17	32	0.00925925925925926	LGG
BS_K3ER45RV	4021	23	39	62	0.0154190499875653	MB
BS_K47QA8XB	3042	25	13	38	0.012491781722551	CPG
BS_K57A4A9D	2014	30	15	45	0.022343594836147	GNG
BS_K5802F84	4337	27	39	66	0.0152178925524556	LGG
BS_K5KWSB7D	1899	27	18	45	0.023696682464455	EPN
BS_K74N1BXQ	2922	18	15	33	0.0112936344969199	HGG
BS_K74PZET7	3527	20	25	45	0.0127587184576127	MB
BS_K7MVS0Z7	3319	13	13	26	0.00783368484483278	LGG
BS_K81DR8XG	3488	25	30	55	0.0157683486238532	MB
BS_K81PZXP2	3345	45	48	93	0.0278026905829596	HGG
BS_K838XW6V	1027	46	12	58	0.056475170399221	LGG
BS_K88T8SW7	2830	16	22	38	0.0134275618374558	HGG
BS_K8ZGHV4D	1394	55	24	79	0.0566714490674319	LGG
BS_KABQQA0T	3579	20	39	59	0.0164850516904163	HGG
BS_KB7WDWY8	2615	34	13	47	0.0179732313575526	HGG
BS_KBEX4RT2	2287	12	15	27	0.0118058592041976	HGG
BS_KBT7MQ6H	2501	23	17	40	0.0159936025589764	EPN
BS_KDSTG5YY	3113	12	11	23	0.00738837134596852	EPN
BS_KEA474HN	3426	11	11	22	0.00642148277875073	LGG
BS_KFD5128N	441	14	16	30	0.0680272108843537	HGG
BS_KGXP2KJE	2773	23	20	43	0.0155066714749369	MB
BS_KJJZ48WS	1079	55	28	83	0.0769230769230769	MB
BS_KKDTW11T	1194	108	124	232	0.194304857621441	HGG
BS_KN92S7YQ	3616	21	35	56	0.0154867256637168	MB
BS_KND4B5CW	2275	16	9	25	0.010989010989011	CPG
BS_KP735TJ6	3209	25	28	53	0.0165160486132752	HGG
BS_KPT2WPHW	3466	22	18	40	0.0115406809001731	GNG
BS_KRS4EV4X	2878	33	29	62	0.0215427380125087	HGG
BS_KS8HMGA6	2791	13	14	27	0.00967395198853458	HGG
BS_KSC2H2HV	1003	53	17	70	0.069790628115653	LGG
BS_KT3C0XCA	2869	27	34	61	0.021261763680725	EPN
BS_KT975AEF	3625	54	66	120	0.0331034482758621	LGG
BS_KVNGNETA	3010	18	21	39	0.0129568106312292	MB
BS_KVPWHDR4	2766	58	39	97	0.0350686912509038	HGG
BS_KVV7001W	3957	21	25	46	0.0116249684104119	GNG
BS_KWVZXEDS	1609	50	42	92	0.0571783716594158	EPN
BS_KX9ECQZW	2114	20	18	38	0.0179754020813623	MB
BS_KXCY5BN5	3688	17	27	44	0.0119305856832972	ATRT
BS_KXMYBQ6N	2925	16	24	40	0.0136752136752137	EPN
BS_KYF0Q0E7	1270	14	7	21	0.0165354330708661	MB
BS_M0FA190Y	2737	16	18	34	0.0124223602484472	HGG
BS_M0QYNVK8	3922	22	29	51	0.0130035696073432	HGG
BS_M0XGZ53Z	586	21	2	23	0.0392491467576792	HGG
BS_M15PW2N0	3527	14	24	38	0.0107740289197618	MB
BS_M1PVEHCM	3320	55	66	121	0.0364457831325301	HGG
BS_M1T1K5WV	4077	20	38	58	0.0142261466764778	EPN
BS_M1XJJA7E	861	59	17	76	0.0882694541231127	HGG
BS_M3C0MZC9	896	45	24	69	0.0770089285714286	EPN
BS_M4923M40	2811	20	17	37	0.0131625755958734	ATRT
BS_M4HQAPWK	1268	35	12	47	0.0370662460567823	MB
BS_M4NVX721	3463	22	19	41	0.0118394455674271	GNG
BS_M4TTKPNR	3338	16	19	35	0.0104853205512283	LGG
BS_M54TWTH4	1729	105	155	260	0.150375939849624	HGG
BS_M7HCF7DW	3917	17	26	43	0.0109777891243298	HGG
BS_M7XB258E	1452	32	12	44	0.0303030303030303	HGG
BS_M84H3KXA	1570	11	4	15	0.00955414012738853	MB
BS_M85CXHDV	2827	12	16	28	0.00990449239476477	HGG
BS_M86ECPHK	4545	30	43	73	0.0160616061606161	MB
BS_M8M56Z4Y	3219	17	21	38	0.0118049083566325	LGG
BS_M8WP5T16	3473	18	15	33	0.00950187158076591	LGG
BS_MA2T7ET1	2007	27	12	39	0.0194319880418535	EPN
BS_MB7WN0ZB	1560	6	4	10	0.00641025641025641	HGG
BS_MBQND18D	1580	100	34	134	0.0848101265822785	LGG
BS_MBR71BJA	373	32	8	40	0.107238605898123	HGG
BS_MBSTWZA6	3826	18	26	44	0.0115002613695766	LGG
BS_MD0937XT	916	20	4	24	0.0262008733624454	HGG
BS_MDBT7S5Z	2682	19	10	29	0.0108128262490679	HGG
BS_ME3HKN2C	2885	14	10	24	0.00831889081455806	LGG
BS_ME6VQGG4	2938	28	31	59	0.0200816882232811	HGG
BS_MF47B9ZW	2377	31	20	51	0.0214556163230963	GNG
BS_MF9X3PKH	3612	18	12	30	0.00830564784053156	LGG
BS_MFGZH8FK	3077	38	25	63	0.0204744881377966	HGG
BS_MG78HQDM	669	10	13	23	0.0343796711509716	HGG
BS_MH8RAG4A	2130	19	33	52	0.0244131455399061	MB
BS_MJKKGY95	3660	30	30	60	0.0163934426229508	CPG
BS_MKM0EEN1	2875	20	36	56	0.0194782608695652	HGG
BS_MKP2Y41Z	2675	15	19	34	0.0127102803738318	EPN
BS_MMNRZ1EQ	2840	22	11	33	0.0116197183098592	ATRT
BS_MN5XVP5A	3568	21	31	52	0.0145739910313901	HGG
BS_MPZ6PKW8	1387	21	17	38	0.0273972602739726	EPN
BS_MQCKXD60	1411	51	27	78	0.0552799433026223	EPN
BS_MT15SGJN	890	15	5	20	0.0224719101123595	EPN
BS_MV6ASWV9	2900	32	21	53	0.0182758620689655	ATRT
BS_MVW01FPB	3618	19	21	40	0.0110558319513543	ATRT
BS_MWWZBQ60	3264	17	15	32	0.00980392156862745	HGG
BS_MX92FD6D	2820	19	24	43	0.0152482269503546	LGG
BS_MY9D8XZ1	2371	5	3	8	0.00337410375369043	LGG
BS_N0877CX1	2908	32	25	57	0.0196011004126547	ATRT
BS_N1E0H8YQ	3743	23	36	59	0.0157627571466738	LGG
BS_N1R1VSAG	1826	34	11	45	0.0246440306681271	MB
BS_N210XMKR	2581	15	9	24	0.00929872142580395	LGG
BS_N4B1SZZH	3573	25	25	50	0.0139938427092079	MB
BS_N51EV5FZ	812	55	24	79	0.0972906403940887	HGG
BS_N5B2CZMH	2814	31	31	62	0.0220326936744847	LGG
BS_N5DVEJXT	3742	23	38	61	0.0163014430785676	EPN
BS_N5NA83D2	2697	43	74	117	0.0433815350389321	HGG
BS_N6NE6B3W	5016	33	73	106	0.0211323763955343	LGG
BS_N6TQBQ8M	1462	23	10	33	0.0225718194254446	HGG
BS_N7SW36FD	1415	41	20	61	0.0431095406360424	HGG
BS_N7VQ1GQB	1698	53	20	73	0.0429917550058893	HGG
BS_N87X1T8T	2564	63	30	93	0.0362714508580343	LGG
BS_N8J1DP02	3470	20	40	60	0.0172910662824208	EPN
BS_N9C2500H	1318	34	8	42	0.031866464339909	MB
BS_NB5XWMJT	3049	19	22	41	0.0134470318137094	LGG
BS_NB9XXBW6	2369	6	13	19	0.00802026171380329	HGG
BS_NBZNAG7Q	3159	21	35	56	0.0177271288382399	LGG
BS_NEFAASTR	2789	33	44	77	0.0276084618142703	HGG
BS_NEVYM2FP	2659	11	13	24	0.0090259496051147	HGG
BS_NFJPYMET	2072	52	32	84	0.0405405405405405	EPN
BS_NFKKDYSV	1555	27	15	42	0.0270096463022508	HGG
BS_NG9X6SJA	2386	27	13	40	0.0167644593461861	LGG
BS_NGHK9RZP	2813	10	11	21	0.00746533949520085	EPN
BS_NGSG2KB6	3570	16	15	31	0.00868347338935574	HGG
BS_NGY0TE6S	2929	16	18	34	0.0116080573574599	CPG
BS_NH7K4CD9	3005	37	50	87	0.0289517470881864	EPN
BS_NJ19NGVS	1411	18	6	24	0.0170092133238838	EPN
BS_NKCEJ5YG	1846	67	57	124	0.0671722643553629	MB
BS_NKEAAFMW	3876	21	24	45	0.011609907120743	MB
BS_NKRYMHEP	3402	18	25	43	0.0126396237507349	MB
BS_NKWZZSTY	618	67	44	111	0.179611650485437	HGG
BS_NNPEC7W1	3090	50	64	114	0.0368932038834951	HGG
BS_NNYXMSTX	1603	13	10	23	0.0143480973175296	HGG
BS_NPA6CZQF	2243	8	7	15	0.00668747213553277	HGG
BS_NQ54ST98	3489	64	29	93	0.0266552020636285	HGG
BS_NQB91P48	3363	17	25	42	0.0124888492417484	LGG
BS_NR3P3GN2	2842	11	13	24	0.00844475721323012	HGG
BS_NRFQEQKP	3066	14	15	29	0.00945857795172864	LGG
BS_NRPG5K4K	5129	23	54	77	0.0150126730356795	LGG
BS_NS7GSHB9	2773	8	10	18	0.00649116480346195	LGG
BS_NT9NZYFD	3751	23	22	45	0.0119968008531058	GNG
BS_NTG278B6	1947	13	9	22	0.0112994350282486	ATRT
BS_NVYZW8RR	1588	14	9	23	0.0144836272040302	CPG
BS_NWNB68G0	687	42	19	61	0.0887918486171761	LGG
BS_NWNTY3FZ	1252	37	23	60	0.0479233226837061	EPN
BS_NX1R0BC3	2639	8	10	18	0.0068207654414551	HGG
BS_NXC3W5MZ	1766	10	8	18	0.0101925254813137	MB
BS_NY5T05AK	1198	25	13	38	0.0317195325542571	LGG
BS_NYS8TRCB	3594	18	18	36	0.010016694490818	LGG
BS_NZ71XCG3	3991	23	30	53	0.0132798797293911	MB
BS_P277RYX5	2719	25	12	37	0.0136079440970945	GNG
BS_P2Y2NANM	1938	23	8	31	0.0159958720330237	LGG
BS_P412CPXJ	1070	55	28	83	0.0775700934579439	LGG
BS_P4PMWFMV	1526	19	9	28	0.018348623853211	HGG
BS_P5KE73DA	1967	13	16	29	0.0147432638535841	ATRT
BS_P78SMRBS	3219	23	31	54	0.0167753960857409	EPN
BS_P7A4C235	1699	16	6	22	0.012948793407887	EPN
BS_P7EY9DXG	3036	11	16	27	0.00889328063241107	ATRT
BS_P7W3AYKV	2850	21	41	62	0.0217543859649123	HGG
BS_PAK40AMT	2116	20	13	33	0.0155954631379962	MB
BS_PC107GE3	3720	23	35	58	0.0155913978494624	MB
BS_PDVD0GCM	1269	47	7	54	0.0425531914893617	LGG
BS_PENM28KT	1040	11	14	25	0.0240384615384615	HGG
BS_PEP9NZXN	3715	15	23	38	0.010228802153432	LGG
BS_PGD4HRWM	3094	87	131	218	0.070458952811894	HGG
BS_PGHK1JRW	3169	19	18	37	0.0116756074471442	ATRT
BS_PJ1T8CQR	2597	33	25	58	0.0223334616865614	HGG
BS_PJC6FH4Y	2116	13	10	23	0.0108695652173913	HGG
BS_PJPGVD62	2801	29	19	48	0.0171367368796858	EPN
BS_PJTQHTRA	2433	44	29	73	0.0300041101520756	EPN
BS_PK18H7E7	3798	24	22	46	0.0121116377040548	LGG
BS_PKW05VZV	3006	16	17	33	0.0109780439121756	GNG
BS_PN2CE34A	3698	53	61	114	0.0308274743104381	LGG
BS_PPGGE3AN	1801	16	10	26	0.0144364242087729	MB
BS_PPV5073N	2412	61	31	92	0.0381426202321725	ATRT
BS_PQ7CQFYR	2568	27	19	46	0.0179127725856698	GNG
BS_PQVTB6BB	3657	25	18	43	0.0117582718074925	HGG
BS_PRAEF32W	1868	16	8	24	0.012847965738758	EPN
BS_PRCG6W20	1239	18	6	24	0.0193704600484262	LGG
BS_PRR8K9GE	3101	21	16	37	0.0119316349564657	CPG
BS_PS0P3QJ3	934	18	23	41	0.0438972162740899	HGG
BS_PSW27ZTE	2975	10	21	31	0.0104201680672269	EPN
BS_PWDRF91N	3034	20	13	33	0.0108767303889255	LGG
BS_PXCPK5XS	2896	13	8	21	0.00725138121546961	HGG
BS_PZVHMSYN	2669	42	41	83	0.031097789434245	HGG
BS_Q06J3RYW	2997	28	32	60	0.02002002002002	HGG
BS_Q13FQ8FV	480	17	24	41	0.0854166666666667	HGG
BS_Q2PBFNDF	1329	44	14	58	0.0436418359668924	LGG
BS_Q35GFYDR	2090	60	46	106	0.0507177033492823	HGG
BS_Q3TBCK4V	2949	9	11	20	0.00678195998643608	LGG
BS_Q5Q81SPA	2437	15	11	26	0.0106688551497743	EPN
BS_Q5WZYWCT	3229	20	36	56	0.0173428305977083	EPN
BS_Q6VH5GJ8	2595	57	28	85	0.0327552986512524	LGG
BS_Q79NP5YY	2805	11	6	17	0.00606060606060606	LGG
BS_Q7WNW1AS	1805	25	13	38	0.0210526315789474	LGG
BS_Q9N5PRD5	1401	56	35	91	0.0649536045681656	HGG
BS_QB84TBA3	3230	69	102	171	0.0529411764705882	HGG
BS_QBMW69AM	2873	93	54	147	0.0511660285415942	LGG
BS_QC3XCE6X	3702	23	21	44	0.0118854673149649	LGG
BS_QE6F8DQW	2728	106	91	197	0.0722140762463343	MB
BS_QEYPFYHD	5640	37	94	131	0.0232269503546099	MB
BS_QF1FGWVF	2333	47	29	76	0.0325760822974711	LGG
BS_QF5VVZX5	2315	22	7	29	0.0125269978401728	GNG
BS_QGKEP3KB	2254	87	32	119	0.0527950310559006	HGG
BS_QH82PBMB	2820	12	10	22	0.00780141843971631	LGG
BS_QMBS32Y2	1794	20	14	34	0.0189520624303233	HGG
BS_QMSNG9QV	181	32	5	37	0.204419889502762	CPG
BS_QNNX91SM	2821	12	11	23	0.00815313718539525	HGG
BS_QPPPGYP4	2649	22	23	45	0.0169875424688562	MB
BS_QQE8MWWV	1897	109	35	144	0.0759093305218767	LGG
BS_QRDT19KS	3705	21	44	65	0.0175438596491228	MB
BS_QRNSKFMS	3027	14	13	27	0.0089197224975223	LGG
BS_QTMN8HYC	1630	36	25	61	0.0374233128834356	LGG
BS_QTSXW7DA	3235	15	12	27	0.00834621329211747	LGG
BS_QV51J756	3313	20	19	39	0.0117718080289768	GNG
BS_QWTE1CWR	3736	16	31	47	0.0125802997858672	HGG
BS_QX12J6W1	3254	19	24	43	0.0132145052243393	ATRT
BS_QXKRN6CR	1376	13	8	21	0.0152616279069767	EPN
BS_QY2G1JZJ	2915	11	17	28	0.00960548885077187	HGG
BS_QYA4TQXX	2781	119	110	229	0.0823444804027328	HGG
BS_QZAR0AB5	3119	30	53	83	0.0266110932991343	EPN
BS_R13X6TMW	3044	18	9	27	0.00886990801576873	LGG
BS_R244Z0WX	2978	35	18	53	0.0177971793149765	LGG
BS_R3AJB6VS	4173	67	69	136	0.0325904624970046	LGG
BS_R439VVPK	3577	20	25	45	0.0125803746155997	MB
BS_R5JQE0VJ	1918	27	17	44	0.0229405630865485	HGG
BS_R5SNFB5B	3119	29	16	45	0.0144277011862777	HGG
BS_R6WNEEE4	3018	16	12	28	0.00927766732935719	MB
BS_R7HZCZ8B	3544	16	23	39	0.0110045146726862	CPG
BS_R7NTZR4C	2816	11	8	19	0.00674715909090909	HGG
BS_R7V8BC98	2884	22	14	36	0.0124826629680999	LGG
BS_R81XA0F9	891	49	13	62	0.0695847362514029	LGG
BS_R8ZAB797	3597	23	41	64	0.0177926049485683	HGG
BS_R9B92M75	3105	11	11	22	0.007085346215781	HGG
BS_R9CKW9DY	4139	50	62	112	0.027059676250302	LGG
BS_RARBBY7C	1804	49	23	72	0.0399113082039911	LGG
BS_RC8E5TVQ	841	17	9	26	0.0309155766944114	LGG
BS_RCC8BXVE	3314	10	27	37	0.0111647555823778	MB
BS_RCFQ31XF	2323	18	11	29	0.0124838570813603	EPN
BS_RCX5628Q	1868	13	8	21	0.0112419700214133	MB
BS_RD4D5F9F	3269	15	13	28	0.00856531049250535	MB
BS_RE4X3715	2779	24	25	49	0.017632241813602	MB
BS_REVS37G8	837	51	19	70	0.0836320191158901	ATRT
BS_RFC6CATQ	2417	54	28	82	0.0339263549855192	HGG
BS_RFMQ7T0T	4193	23	37	60	0.0143095635583115	CPG
BS_RGPSEMHC	2086	12	13	25	0.0119846596356663	EPN
BS_RGQH7K0C	3504	21	28	49	0.0139840182648402	MB
BS_RGSMX7QD	2606	17	12	29	0.011128165771297	GNG
BS_RHAWQJ48	2956	32	101	133	0.0449932341001353	HGG
BS_RHD7XPNP	3508	14	27	41	0.0116875712656784	EPN
BS_RHM60031	2341	41	18	59	0.0252029047415634	HGG
BS_RJC3WDD6	3300	32	37	69	0.0209090909090909	HGG
BS_RKRWCBJT	2602	53	58	111	0.0426594926979247	MB
BS_RMT7ABN6	2233	15	14	29	0.012987012987013	LGG
BS_RN0VAY51	2884	15	10	25	0.00866851595006935	HGG
BS_RN36XFYH	2395	22	19	41	0.0171189979123173	MB
BS_RNANA568	4153	50	49	99	0.0238381892607753	LGG
BS_RPF3Z9P9	2525	23	22	45	0.0178217821782178	MB
BS_RPH4DCMK	1912	53	22	75	0.0392259414225941	HGG
BS_RPJ1EPHA	1648	20	10	30	0.0182038834951456	LGG
BS_RPKA4GF9	1272	34	9	43	0.0338050314465409	GNG
BS_RPZQQM2D	734	35	16	51	0.0694822888283379	LGG
BS_RQTTCJ29	1178	89	28	117	0.099320882852292	HGG
BS_RRAEQZ97	3380	13	20	33	0.00976331360946745	LGG
BS_RSTH763S	3119	34	30	64	0.020519397242706	MB
BS_RVSEDNJ4	2534	15	13	28	0.0110497237569061	GNG
BS_RWJZFTP9	3811	15	25	40	0.0104959328260299	LGG
BS_RX1YTZ7F	2315	10	3	13	0.00561555075593952	HGG
BS_RXN5T5YT	2859	26	23	49	0.0171388597411682	HGG
BS_RYRWBV7K	3109	36	31	67	0.0215503377291734	MB
BS_RYZG8SPC	1775	32	11	43	0.0242253521126761	LGG
BS_S0175QKX	3689	14	23	37	0.0100298183789645	EPN
BS_S1KK7XRH	3600	19	19	38	0.0105555555555556	LGG
BS_S1M423AB	3909	28	39	67	0.0171399334868253	MB
BS_S1W53RNW	1526	53	19	72	0.0471821756225426	CPG
BS_S20SP0WW	2650	13	7	20	0.00754716981132075	HGG
BS_S2TA8R29	2903	14	13	27	0.00930072338959697	HGG
BS_S3MET0JZ	1775	24	19	43	0.0242253521126761	HGG
BS_S50KQEXV	2274	22	6	28	0.0123131046613896	LGG
BS_S56VRTCE	2444	15	22	37	0.015139116202946	EPN
BS_S5P8VTN5	3165	15	10	25	0.00789889415481832	HGG
BS_S69QZAJR	3873	23	38	61	0.0157500645494449	MB
BS_S6B9DVNS	1241	17	25	42	0.0338436744560838	HGG
BS_S6NJRR5W	3137	39	26	65	0.0207204335352247	CPG
BS_S6S7SK3P	2968	47	83	130	0.043800539083558	HGG
BS_S71RJ8DH	2998	12	10	22	0.00733822548365577	ATRT
BS_S7CZY2CH	2846	16	9	25	0.00878425860857344	LGG
BS_S8K878T3	2961	19	23	42	0.0141843971631206	HGG
BS_S97F1ZY3	803	11	8	19	0.0236612702366127	MB
BS_S9929Z8B	3127	28	23	51	0.0163095618803965	GNG
BS_SA8BT7AR	1921	21	16	37	0.0192608016657991	MB
BS_SAA624A4	768	29	19	48	0.0625	EPN
BS_SB12W1XT	3644	35	32	67	0.0183863885839737	HGG
BS_SBMAM00V	2451	53	78	131	0.0534475724194206	HGG
BS_SBMCD7XZ	1367	57	22	79	0.0577907827359181	HGG
BS_SD0EMK7Y	2836	23	41	64	0.0225669957686883	HGG
BS_SD8YBRBR	4052	62	105	167	0.0412142152023692	HGG
BS_SDA4RMMG	3273	13	18	31	0.00947143293614421	LGG
BS_SDCNP7MW	2439	17	17	34	0.013940139401394	EPN
BS_SDZY6RZ3	2630	15	5	20	0.00760456273764259	LGG
BS_SERDGASJ	2594	10	17	27	0.0104086353122591	HGG
BS_SFKZSJN1	3340	10	18	28	0.00838323353293413	LGG
BS_SH2S6SFN	1181	28	7	35	0.0296359017781541	LGG
BS_SHMC4902	3542	15	18	33	0.0093167701863354	LGG
BS_SJ0HXCD0	780	73	21	94	0.120512820512821	LGG
BS_SKGJ5SY9	3555	14	24	38	0.0106891701828411	MB
BS_SNE31RRX	695	32	12	44	0.0633093525179856	LGG
BS_SNQ9QFPA	2522	14	18	32	0.0126883425852498	ATRT
BS_SNVM7CZT	1878	6	3	9	0.00479233226837061	HGG
BS_SQERZ97M	1553	19	11	30	0.0193174500965873	LGG
BS_SQX5E15Z	3693	13	19	32	0.00866504197129705	LGG
BS_SR2M85RQ	2041	19	12	31	0.0151886330230279	MB
BS_SR2RGDXJ	1675	72	26	98	0.0585074626865672	HGG
BS_SSDK1WW1	1670	23	15	38	0.0227544910179641	CPG
BS_SV3YAAC1	812	20	7	27	0.0332512315270936	EPN
BS_SVBQN72V	942	31	15	46	0.0488322717622081	EPN
BS_SW6YC2DG	471	30	7	37	0.0785562632696391	GNG
BS_SW8C9Y5Y	1910	43	20	63	0.0329842931937173	GNG
BS_SW9Z10F9	3007	94	52	146	0.0485533754572664	HGG
BS_SWRH6FKE	4497	90	66	156	0.0346897931954636	MB
BS_SX56QZRD	1627	48	32	80	0.0491702519975415	ATRT
BS_SXCZ3CXN	3621	18	37	55	0.0151891742612538	EPN
BS_SXRS2P6T	3438	13	14	27	0.00785340314136126	LGG
BS_SY3J3XR9	1348	37	21	58	0.043026706231454	HGG
BS_T0MXH2CA	1732	26	10	36	0.0207852193995381	LGG
BS_T0RKFEKR	2639	9	8	17	0.00644183402804092	LGG
BS_T11NFKSD	907	42	17	59	0.0650496141124587	LGG
BS_T1DVKKJB	3457	25	24	49	0.0141741394272491	EPN
BS_T1QMEH1N	1831	21	9	30	0.0163844893500819	CPG
BS_T1W4JA94	2537	7	6	13	0.00512416239653134	LGG
BS_T1YHK6B7	3040	32	20	52	0.0171052631578947	HGG
BS_T289QKBV	1970	19	9	28	0.0142131979695431	HGG
BS_T2F48Z4E	3005	35	40	75	0.0249584026622296	HGG
BS_T2QPMZCM	3330	16	17	33	0.00990990990990991	LGG
BS_T3DGY9J9	1964	4	5	9	0.00458248472505092	HGG
BS_T3H5AY8A	3230	20	24	44	0.0136222910216718	LGG
BS_T4JFN54G	1995	9	6	15	0.0075187969924812	LGG
BS_T4P3J13C	3399	13	24	37	0.010885554574875	EPN
BS_T55Y4Z0Y	3202	14	16	30	0.00936914428482199	LGG
BS_T5P5ME9M	1738	51	11	62	0.0356731875719217	LGG
BS_T9A8JJW5	858	15	4	19	0.0221445221445221	HGG
BS_TA4657N3	813	45	21	66	0.0811808118081181	CPG
BS_TA4JQD4N	1718	37	31	68	0.039580908032596	CPG
BS_TA9WP4TH	3069	29	26	55	0.017921146953405	MB
BS_TBBZ93A5	2195	126	167	293	0.133485193621868	ATRT
BS_TBWYAFSM	3450	15	34	49	0.0142028985507246	EPN
BS_TCWW2GSK	1745	18	11	29	0.0166189111747851	EPN
BS_TDJXQBVY	915	28	20	48	0.0524590163934426	LGG
BS_TE0GVDNG	2529	17	17	34	0.0134440490312376	MB
BS_TF8R864V	1728	34	21	55	0.0318287037037037	EPN
BS_TG93XC55	4013	29	41	70	0.0174433092449539	GNG
BS_TGS109T3	2943	14	16	30	0.0101936799184506	HGG
BS_TM9MH0RP	3175	19	20	39	0.0122834645669291	HGG
BS_TMTV769C	2997	17	6	23	0.00767434100767434	LGG
BS_TNDYEP8Z	1974	40	21	61	0.0309017223910841	CPG
BS_TNRHHYNC	3220	20	30	50	0.015527950310559	EPN
BS_TR2P8KRF	1300	8	3	11	0.00846153846153846	HGG
BS_TRKH2SPE	3605	18	20	38	0.0105409153952843	HGG
BS_TRPXB3AV	3142	33	38	71	0.0225970719287078	HGG
BS_TRZZRYKF	1813	22	13	35	0.0193050193050193	LGG
BS_TTDNZTZ0	1887	42	13	55	0.0291467938526762	HGG
BS_TTE04ZP8	2985	19	15	34	0.0113902847571189	HGG
BS_TV5B86ZD	1640	11	14	25	0.0152439024390244	HGG
BS_TV80600R	1760	57	30	87	0.0494318181818182	LGG
BS_TVH33J9Q	968	14	14	28	0.0289256198347107	HGG
BS_TVV122JG	1659	16	5	21	0.0126582278481013	LGG
BS_TW8DQH8J	1411	8	4	12	0.00850460666194188	MB
BS_TWFDEMBZ	1660	16	4	20	0.0120481927710843	LGG
BS_TX31A8Z9	1372	49	27	76	0.0553935860058309	CPG
BS_TXY8QYWA	3137	22	19	41	0.0130698119222187	EPN
BS_TXZ7KHTQ	1532	21	5	26	0.0169712793733681	HGG
BS_TYAYZ9ZW	3190	19	18	37	0.0115987460815047	MB
BS_TZ5D0A7R	3467	15	27	42	0.012114219786559	EPN
BS_TZVFR600	2662	27	15	42	0.0157776108189331	MB
BS_V036JAV6	1311	62	35	97	0.0739893211289092	LGG
BS_V0DQFC75	1478	68	35	103	0.0696887686062246	HGG
BS_V11VZZH8	1218	36	21	57	0.0467980295566502	LGG
BS_V1J03963	1380	36	9	45	0.0326086956521739	GNG
BS_V2G1YE8R	1564	74	45	119	0.0760869565217391	LGG
BS_V33RCK1Y	1401	22	9	31	0.0221270521056388	LGG
BS_V3REENH9	1329	12	6	18	0.0135440180586907	LGG
BS_V3Z3DB4N	4017	22	36	58	0.0144386357978591	HGG
BS_V4D4YPV1	2609	31	24	55	0.0210808738980452	EPN
BS_V4W81SFC	3612	14	29	43	0.0119047619047619	EPN
BS_V4XCTG09	1193	29	7	36	0.030176026823135	GNG
BS_V558NW3Q	2956	17	17	34	0.0115020297699594	HGG
BS_V6GNQ198	516	24	10	34	0.0658914728682171	CPG
BS_V6RSB5HQ	2766	119	62	181	0.0654374548083876	HGG
BS_V72GX2AZ	2397	14	2	16	0.0066750104297038	LGG
BS_V72H4RQS	2706	18	11	29	0.0107169253510717	MB
BS_V7BJM89K	3630	26	29	55	0.0151515151515152	LGG
BS_V7BZ049H	1366	20	9	29	0.0212298682284041	LGG
BS_V7GAAQHJ	447	27	8	35	0.0782997762863535	HGG
BS_V86F5SDJ	2663	27	23	50	0.0187758167480285	CPG
BS_V89HGTET	3228	11	12	23	0.00712515489467162	LGG
BS_V8QWBVS3	3590	62	57	119	0.0331476323119777	HGG
BS_V92ZMBXX	2382	15	22	37	0.0155331654072208	HGG
BS_V9HVBBDW	3806	23	34	57	0.0149763531266421	MB
BS_VA5T4KAA	3369	21	16	37	0.0109824873849807	MB
BS_VAAHBH60	2936	23	38	61	0.0207765667574932	EPN
BS_VBEY9DVY	1024	37	18	55	0.0537109375	LGG
BS_VBFKFYAP	2527	28	21	49	0.0193905817174515	CPG
BS_VBMRQK4F	3216	27	32	59	0.0183457711442786	HGG
BS_VF3NVT4G	2813	10	12	22	0.00782083185211518	HGG
BS_VF5XWFXD	3537	18	21	39	0.0110262934690416	HGG
BS_VJ2S5DVS	3094	21	24	45	0.0145442792501616	EPN
BS_VJVDJABP	3107	11	20	31	0.00997747022851625	MB
BS_VKHJG2B8	3033	16	22	38	0.0125288493241015	HGG
BS_VKYEM67A	3729	21	31	52	0.0139447573075892	HGG
BS_VMEX27TN	3224	14	19	33	0.0102357320099256	MB
BS_VMMJYN8Z	3992	23	30	53	0.0132765531062124	GNG
BS_VMQMGSJY	3542	14	26	40	0.0112930547713156	HGG
BS_VNK9XYV9	3232	14	20	34	0.010519801980198	CPG
BS_VP3C8WZT	2840	11	11	22	0.00774647887323944	LGG
BS_VP5Y45Z7	3005	15	15	30	0.00998336106489185	LGG
BS_VPBMDMQX	3612	25	34	59	0.0163344407530454	MB
BS_VPMKHW9X	2836	21	15	36	0.0126939351198872	CPG
BS_VQCCYTM5	2425	27	20	47	0.0193814432989691	MB
BS_VR7FR1NE	2722	17	9	26	0.00955180014695077	LGG
BS_VSSBS981	3036	101	64	165	0.0543478260869565	LGG
BS_VT6C6N6K	2974	17	17	34	0.0114324142568931	MB
BS_VVFBW0YH	2939	15	33	48	0.0163320857434502	MB
BS_VVTHDRBD	2738	11	11	22	0.00803506208911614	HGG
BS_VXMYES3W	1314	28	19	47	0.0357686453576865	MB
BS_VZJ7403W	2449	60	42	102	0.041649652919559	HGG
BS_VZWXGYT2	1009	56	32	88	0.087215064420218	LGG
BS_W0FZ9YCY	1176	43	13	56	0.0476190476190476	MB
BS_W1385R8Y	2734	11	26	37	0.0135332845647403	HGG
BS_W311713R	2829	24	35	59	0.0208554259455638	MB
BS_W4DB5RP1	2812	57	60	117	0.0416073968705548	HGG
BS_W4H1D4Y6	2649	9	13	22	0.00830502076255191	HGG
BS_W4HGV6E7	4655	26	52	78	0.0167561761546724	LGG
BS_W568T9CS	2219	25	23	48	0.0216313654799459	EPN
BS_W7379M7V	3165	24	46	70	0.0221169036334913	MB
BS_W7MFJZ5A	2853	6	16	22	0.0077111812127585	HGG
BS_W80TJC27	1242	9	3	12	0.00966183574879227	EPN
BS_W97QQYKQ	3750	15	28	43	0.0114666666666667	GNG
BS_W9AT0MR7	3111	12	18	30	0.00964320154291225	MB
BS_W9N9844Q	4105	20	29	49	0.0119366626065773	HGG
BS_WAXJY4XQ	2688	14	9	23	0.00855654761904762	HGG
BS_WBPTY8NH	2962	14	15	29	0.00979068197164078	HGG
BS_WBVSK3MP	1156	10	14	24	0.0207612456747405	HGG
BS_WCRKYV0T	3249	26	29	55	0.0169282856263466	LGG
BS_WEKK6SHP	1668	99	57	156	0.0935251798561151	HGG
BS_WERNRP82	188	14	8	22	0.117021276595745	GNG
BS_WETH5SAH	1431	16	5	21	0.0146750524109015	EPN
BS_WF04GGTX	2539	22	19	41	0.0161480897991335	MB
BS_WFD0GE5X	3311	13	24	37	0.0111748716399879	EPN
BS_WFN6BS0T	958	65	20	85	0.0887265135699374	HGG
BS_WFQT9J8Q	600	60	25	85	0.141666666666667	EPN
BS_WGK8ZMVA	3017	11	10	21	0.00696055684454756	EPN
BS_WH5HDE0A	4127	22	39	61	0.0147807123818755	MB
BS_WH8G4VFB	2743	104	146	250	0.0911410864017499	HGG
BS_WHBEXD5H	2329	26	39	65	0.0279089738085015	HGG
BS_WK0FA4W7	949	43	14	57	0.0600632244467861	HGG
BS_WQ0K79EA	1267	54	12	66	0.0520915548539858	EPN
BS_WQ1YRTAT	4081	38	76	114	0.0279343298211223	HGG
BS_WQ5FDHF8	3414	61	63	124	0.0363210310486233	EPN
BS_WRHDP7WF	4625	28	38	66	0.0142702702702703	EPN
BS_WRQHPSXQ	3427	20	21	41	0.0119638167493434	GNG
BS_WRQM11XH	1863	96	36	132	0.07085346215781	MB
BS_WTJEDTZC	965	29	4	33	0.0341968911917098	HGG
BS_WV0S8N4M	3740	19	29	48	0.0128342245989305	ATRT
BS_WVRX4C9Z	2933	13	18	31	0.0105693828844187	LGG
BS_WVW3W6ZB	2658	14	11	25	0.00940556809631302	ATRT
BS_WWKNJSJ5	4018	34	85	119	0.029616724738676	ATRT
BS_WYERXS4G	1127	7	5	12	0.0106477373558119	EPN
BS_WYMX429C	1964	32	8	40	0.0203665987780041	LGG
BS_WZZN982T	1481	85	38	123	0.0830519918973666	MB
BS_X0F9AYEC	3518	8	26	34	0.00966458214894827	LGG
BS_X0XXN9BK	3192	15	30	45	0.0140977443609023	HGG
BS_X16PENSA	3599	13	14	27	0.00750208391219783	LGG
BS_X1S67ZEA	2591	13	14	27	0.0104206869934388	EPN
BS_X20JCR4H	3819	24	48	72	0.01885310290652	HGG
BS_X23724NJ	4128	16	34	50	0.0121124031007752	HGG
BS_X2EDW2ZB	2537	27	20	47	0.0185258178951518	GNG
BS_X31DBRN7	1220	51	26	77	0.0631147540983607	CPG
BS_X3HR4Z21	2495	36	21	57	0.0228456913827655	HGG
BS_X4DD4KSZ	3795	12	19	31	0.00816864295125165	HGG
BS_X4X1SFSE	1676	15	9	24	0.0143198090692124	HGG
BS_X56KVW29	720	40	13	53	0.0736111111111111	MB
BS_X59HSFGG	2962	10	16	26	0.0087778528021607	LGG
BS_X5DFR216	1099	37	17	54	0.0491355777979982	LGG
BS_X67GTEM6	3263	14	29	43	0.0131780570027582	EPN
BS_X6GFVDVA	1911	19	11	30	0.0156985871271586	LGG
BS_X91K8KMG	2595	19	8	27	0.0104046242774566	LGG
BS_X9EGD530	3039	20	15	35	0.0115169463639355	LGG
BS_XC0PNBG2	3459	30	38	68	0.0196588609424689	MB
BS_XF0ZX2B3	1494	9	5	14	0.00937081659973226	EPN
BS_XG0DBWVT	3422	20	22	42	0.0122735242548217	HGG
BS_XGDPK33A	5020	27	58	85	0.0169322709163347	HGG
BS_XGSA3GQE	3246	16	15	31	0.00955021565003081	LGG
BS_XHCYEE2S	3971	19	25	44	0.0110803324099723	CPG
BS_XKKB4MZV	2645	18	9	27	0.0102079395085066	LGG
BS_XM1AHBDJ	1183	40	13	53	0.0448013524936602	HGG
BS_XNWNXKAD	2440	27	25	52	0.0213114754098361	MB
BS_XPBEHJ77	626	52	25	77	0.123003194888179	EPN
BS_XQ5SFW35	2776	10	13	23	0.00828530259365994	HGG
BS_XQYHPBFS	2882	15	8	23	0.00798056904927134	EPN
BS_XTH0NPVQ	700	32	10	42	0.06	HGG
BS_XV4GV9Y9	2402	73	43	116	0.048293089092423	LGG
BS_XVX21VNP	2961	61	176	237	0.0800405268490375	MB
BS_XX39AH8F	618	63	28	91	0.147249190938511	LGG
BS_XYVCMF4A	1658	106	40	146	0.0880579010856454	HGG
BS_XZM79E42	2258	17	10	27	0.0119574844995571	HGG
BS_Y0PCBNJV	3281	11	13	24	0.00731484303565986	LGG
BS_Y274AC0H	1592	21	11	32	0.0201005025125628	LGG
BS_Y6D7QZM4	3586	82	59	141	0.0393195761293921	HGG
BS_Y7F9E2E9	3624	22	18	40	0.011037527593819	LGG
BS_Y7H24JZG	1858	23	14	37	0.0199138858988159	GNG
BS_Y7W8BR6B	2658	45	36	81	0.0304740406320542	LGG
BS_Y89WNXXD	1977	21	10	31	0.0156803237228123	MB
BS_Y8D1F5WW	3738	21	26	47	0.012573568753344	MB
BS_YA0KMBRT	4884	34	58	92	0.0188370188370188	HGG
BS_YA8RBGD8	3572	16	13	29	0.00811870100783875	LGG
BS_YASWHXJC	1385	27	6	33	0.023826714801444	LGG
BS_YB1TNZMX	2790	39	88	127	0.0455197132616487	CPG
BS_YBGXGEM3	2723	26	23	49	0.0179948586118252	LGG
BS_YBGZ4BRP	641	37	17	54	0.0842433697347894	GNG
BS_YCREDZTJ	3548	12	30	42	0.0118376550169109	LGG
BS_YDEVMD24	1792	11	18	29	0.0161830357142857	HGG
BS_YEB88D32	3031	27	19	46	0.0151765094028373	MB
BS_YEQVW4ND	2983	14	18	32	0.0107274555816292	LGG
BS_YETBN0RQ	3120	15	17	32	0.0102564102564103	MB
BS_YEW22W35	3158	17	15	32	0.0101329955668144	HGG
BS_YFKQYA50	2232	37	22	59	0.0264336917562724	ATRT
BS_YG0A13JH	1559	53	46	99	0.0635022450288647	LGG
BS_YGWTGBWR	3233	22	15	37	0.0114444788122487	MB
BS_YH05F9DB	3030	20	19	39	0.0128712871287129	CPG
BS_YH817HDT	1755	28	18	46	0.0262108262108262	LGG
BS_YMAJC22S	3680	27	27	54	0.0146739130434783	LGG
BS_YMKQT5V0	2901	29	33	62	0.0213719407101	HGG
BS_YMKX1VP4	4334	67	87	154	0.0355329949238579	MB
BS_YQFX2Y00	1747	23	16	39	0.0223239839725243	EPN
BS_YR12D1ZY	2233	13	3	16	0.00716524854455889	HGG
BS_YR1XY6SF	2562	17	12	29	0.0113192818110851	HGG
BS_YT4E515V	2873	48	48	96	0.0334145492516533	LGG
BS_YTMHB7J1	3110	37	104	141	0.0453376205787781	MB
BS_YTTMKCBX	2672	21	16	37	0.0138473053892216	EPN
BS_YTWEM5SG	3119	18	15	33	0.0105803142032703	HGG
BS_YVEEXAAT	1626	115	53	168	0.103321033210332	LGG
BS_YVMEEBKC	3704	16	16	32	0.00863930885529158	LGG
BS_YWHJY99A	2900	13	15	28	0.0096551724137931	MB
BS_YWJKHMXV	2595	19	14	33	0.0127167630057803	LGG
BS_YXP55JEG	2640	25	20	45	0.0170454545454545	MB
BS_YY5B2XDD	2704	22	10	32	0.0118343195266272	LGG
BS_YZ2QFDAN	3342	22	22	44	0.0131657690005984	HGG
BS_YZ2Z1Q6Y	1869	29	15	44	0.023542001070091	LGG
BS_YZM9RFVD	2505	21	20	41	0.0163672654690619	EPN
BS_Z0AVVB1V	3343	11	8	19	0.00568351779838468	LGG
BS_Z0ZPD9S9	1859	48	30	78	0.041958041958042	HGG
BS_Z1A875MW	3494	18	22	40	0.0114481969089868	LGG
BS_Z3RCA1T9	3994	17	24	41	0.0102653980971457	HGG
BS_Z45HD492	2952	26	14	40	0.013550135501355	MB
BS_Z5ATH1YR	1760	103	28	131	0.0744318181818182	LGG
BS_Z6BWR941	3505	13	14	27	0.00770328102710414	LGG
BS_Z7890YNR	3140	21	25	46	0.0146496815286624	EPN
BS_Z7Y2466H	3291	19	6	25	0.00759647523549073	LGG
BS_Z8F3GM85	3358	23	17	40	0.0119118522930316	HGG
BS_Z8YZ6QGS	3419	12	16	28	0.00818952910207663	HGG
BS_Z9BBQBA7	2735	30	120	150	0.0548446069469835	MB
BS_ZC1194Z8	956	51	18	69	0.0721757322175732	EPN
BS_ZD5HN296	2315	8	5	13	0.00561555075593952	HGG
BS_ZDJEXPYG	4050	57	66	123	0.0303703703703704	MB
BS_ZEV0M416	2018	6	16	22	0.0109018830525273	ATRT
BS_ZF34SJGN	2949	9	32	41	0.013903017972194	CPG
BS_ZF6BSFNF	3198	11	12	23	0.00719199499687305	HGG
BS_ZHRGDRBW	4272	51	71	122	0.0285580524344569	GNG
BS_ZJC7VQNA	1285	31	38	69	0.0536964980544747	EPN
BS_ZJY7Y34M	2455	36	23	59	0.0240325865580448	GNG
BS_ZK6WE17T	3338	22	19	41	0.012282804074296	GNG
BS_ZM97KKXE	3818	27	47	74	0.0193818753273965	HGG
BS_ZMZTCQRM	1593	117	80	197	0.123666038920276	MB
BS_ZRF3A49T	595	36	5	41	0.0689075630252101	LGG
BS_ZRM0W01M	2814	18	16	34	0.0120824449182658	LGG
BS_ZT3QMF6F	517	38	19	57	0.110251450676983	HGG
BS_ZTWGFWTX	2563	14	13	27	0.0105345298478346	LGG
BS_ZV1P6W9C	2862	22	14	36	0.0125786163522013	HGG
BS_ZV68CES9	3884	18	35	53	0.0136457260556128	MB
BS_ZV9Z3SY6	2937	17	10	27	0.00919305413687436	LGG
BS_ZVX2GRD6	2649	21	10	31	0.0117025292563231	LGG
BS_ZVZDDW2G	2988	14	13	27	0.00903614457831325	LGG
BS_ZWR9W4FX	3302	16	20	36	0.0109024833434282	CPG
BS_ZXYDSBM9	3463	19	29	48	0.0138608143228415	MB
BS_ZYBZRQRC	2243	11	15	26	0.0115916183682568	MB
BS_ZYVWSXNK	1784	38	15	53	0.0297085201793722	EPN
BS_ZZMYDZJW	3487	13	17	30	0.00860338399770576	LGG
BS_ZZWMD6FA	3761	13	24	37	0.00983780909332624	GNG
