Sample	Total	AS_neg	AS_pos	AS_total	SI	Histology
BS_00FD2KMP	2165	23	42	65	0.0300230946882217	HGG
BS_00W5QB9S	1081	28	14	42	0.0388529139685476	EPN
BS_014EVM2D	1803	10	6	16	0.00887409872434831	LGG
BS_028YFYJ6	1865	46	48	94	0.050402144772118	HGG
BS_02NZT8CE	2116	1	8	9	0.00425330812854442	LGG
BS_03FT4S8B	3284	6	18	24	0.00730816077953715	CPG
BS_044XZ8ST	2738	2	10	12	0.0043827611395179	LGG
BS_052PZFMK	1125	5	5	10	0.00888888888888889	HGG
BS_056Q8577	1843	24	155	179	0.0971242539338036	HGG
BS_063ERW0R	2281	2	4	6	0.00263042525208242	LGG
BS_06AMMCXR	2572	2	2	4	0.0015552099533437	LGG
BS_07ANYSYQ	1847	20	6	26	0.0140768814293449	EPN
BS_08B376A6	2038	29	20	49	0.0240431795878312	MB
BS_08TWG4K0	919	10	6	16	0.0174102285092492	HGG
BS_09Z7TC35	2556	13	32	45	0.0176056338028169	MB
BS_0BTXD5M6	2015	15	12	27	0.0133995037220844	MB
BS_0BXY0F9N	1790	7	13	20	0.0111731843575419	EPN
BS_0C00AYTE	1738	35	36	71	0.0408515535097814	HGG
BS_0C7VZC0A	2553	13	10	23	0.00900900900900901	HGG
BS_0D5VRAKC	718	114	72	186	0.259052924791086	LGG
BS_0EB67GB4	1714	30	15	45	0.0262543757292882	MB
BS_0HKNEFQC	1399	38	22	60	0.0428877769835597	MB
BS_0J9SHHSC	3013	11	15	26	0.0086292731496847	LGG
BS_0JAKSXQP	434	19	10	29	0.0668202764976959	LGG
BS_0Q71ZPDX	852	104	319	423	0.496478873239437	ATRT
BS_0QYS36NR	1794	3	8	11	0.00613154960981048	EPN
BS_0S8E7590	2170	23	55	78	0.0359447004608295	HGG
BS_0SCXXM6N	1718	8	5	13	0.00756693830034924	LGG
BS_0T17SY47	2657	11	17	28	0.0105382009785472	LGG
BS_0TDWG2CV	1892	14	6	20	0.0105708245243129	LGG
BS_0VXZCRJS	1607	1	6	7	0.00435594275046671	HGG
BS_0WQJP6ZG	789	6	8	14	0.017743979721166	EPN
BS_0WVJYM9R	2603	4	2	6	0.00230503265462927	LGG
BS_0WZKC4JH	1202	104	41	145	0.12063227953411	LGG
BS_0X9EGHY2	1434	17	29	46	0.0320781032078103	LGG
BS_0XEG6SNV	2876	14	174	188	0.0653685674547983	EPN
BS_0XHT9W4Q	2100	29	20	49	0.0233333333333333	HGG
BS_0Y5J2AQ4	1229	20	2	22	0.0179007323026851	LGG
BS_0Y66ZBWE	2328	5	13	18	0.0077319587628866	LGG
BS_0ZA67BBC	1715	4	3	7	0.00408163265306122	HGG
BS_10Z9BMZ7	1493	32	9	41	0.0274614869390489	MB
BS_12G04QJM	730	75	21	96	0.131506849315068	HGG
BS_130PVKA7	204	31	21	52	0.254901960784314	LGG
BS_13CGKADW	2079	12	3	15	0.00721500721500722	LGG
BS_15ETQ0E4	1881	4	10	14	0.00744284954811271	ATRT
BS_166N7SZQ	910	26	11	37	0.0406593406593407	LGG
BS_16KA9ZAW	417	10	1	11	0.026378896882494	LGG
BS_17WYVEEC	1594	11	5	16	0.0100376411543287	LGG
BS_17ZSMXFH	1168	8	61	69	0.0590753424657534	HGG
BS_18M3RHYN	2354	52	17	69	0.0293118096856415	EPN
BS_196BBNEJ	1943	8	7	15	0.00772002058672156	EPN
BS_19Z0ERYF	1709	15	8	23	0.013458162668227	MB
BS_1A6MQ9ZA	1103	2	3	5	0.00453309156844968	HGG
BS_1AYRM596	1782	21	7	28	0.015712682379349	MB
BS_1BJNPHMD	2118	20	17	37	0.0174693106704438	HGG
BS_1BWP5MCT	2496	18	206	224	0.0897435897435897	MB
BS_1D93Z575	2506	85	42	127	0.0506783719074222	HGG
BS_1DECYC4K	1745	19	12	31	0.0177650429799427	LGG
BS_1DMAMKFZ	2074	40	19	59	0.0284474445515911	MB
BS_1DNQ1R02	1688	21	114	135	0.0799763033175355	HGG
BS_1EBQ3T20	2029	20	8	28	0.0137999014292755	HGG
BS_1EN5V3XW	2207	10	3	13	0.00589034888989579	HGG
BS_1G3WYEN3	2112	5	4	9	0.00426136363636364	LGG
BS_1HFK0SXV	1953	12	7	19	0.00972862263184844	CPG
BS_1HYS8CSC	909	17		17	0.0187018701870187	LGG
BS_1J2WQ08M	2596	2	11	13	0.00500770416024653	EPN
BS_1JDG6JV5	2565	5	5	10	0.00389863547758285	LGG
BS_1JNJ0NJ6	1290	29	7	36	0.027906976744186	CPG
BS_1N76FQZY	1389	17	9	26	0.0187185025197984	LGG
BS_1NPD7PVG	2035	10	2	12	0.0058968058968059	GNG
BS_1QNTEZPS	2322	4	3	7	0.00301464254952627	ATRT
BS_1QXEC43H	2496	16	19	35	0.0140224358974359	MB
BS_1RXZ3BP7	2233	3	8	11	0.00492610837438424	LGG
BS_1TWCV047	1959	12	37	49	0.0250127616130679	MB
BS_1VNMJHMN	1301	25	7	32	0.0245964642582629	LGG
BS_1XFFNFY0	1227	52	11	63	0.0513447432762836	EPN
BS_1Z2CNQEC	786	24	10	34	0.0432569974554707	MB
BS_1Z9AX9JS	643	15	7	22	0.0342146189735614	LGG
BS_1ZVXF5FE	1810	15	12	27	0.0149171270718232	LGG
BS_1ZWSD3YQ	1207	59	20	79	0.0654515327257664	MB
BS_21ET39G7	2618	3	13	16	0.00611153552330023	HGG
BS_21RE8W46	2482	14	105	119	0.0479452054794521	LGG
BS_21XGYWWV	2167	46	32	78	0.0359944623904015	LGG
BS_22078RXH	895	27	16	43	0.0480446927374302	CPG
BS_22B80N9T	2008	19	195	214	0.106573705179283	MB
BS_22QMSCFR	538	61	47	108	0.200743494423792	MB
BS_238MGRTM	980	43	20	63	0.0642857142857143	EPN
BS_23QW0BBA	1984	8	6	14	0.00705645161290323	HGG
BS_23W9EPFE	1693	56	107	163	0.0962787950383934	GNG
BS_24AHZ9ZW	2572	8	1	9	0.00349922239502333	LGG
BS_258RRGDM	1935	9	4	13	0.00671834625322997	GNG
BS_25KYGJ71	1186	28	22	50	0.0421585160202361	HGG
BS_26H7DZD4	889	58	24	82	0.0922384701912261	MB
BS_2720P44V	1653	12	7	19	0.0114942528735632	LGG
BS_27FYYPJG	878	18	5	23	0.0261958997722096	GNG
BS_27QE6BV7	2084	11	15	26	0.0124760076775432	GNG
BS_2853394H	1733	28	33	61	0.035199076745528	HGG
BS_297H8BT4	549	15	7	22	0.0400728597449909	HGG
BS_29CPJ040	2027	6	4	10	0.00493339911198816	LGG
BS_29TRQXWM	1368	15	8	23	0.016812865497076	LGG
BS_29X4ZX6Q	2286	13	17	30	0.0131233595800525	HGG
BS_29YQ60CP	1810	108	255	363	0.200552486187845	MB
BS_2A5R9MEJ	2434	8	2	10	0.00410846343467543	HGG
BS_2ADZNNV4	1882	7	6	13	0.00690754516471838	LGG
BS_2AR3AP0N	2122	7	6	13	0.0061262959472196	GNG
BS_2ARXK0TD	1784	9	72	81	0.0454035874439462	HGG
BS_2AV1H5TV	245	43	22	65	0.26530612244898	HGG
BS_2CW8AGZ2	2056	87	19	106	0.051556420233463	CPG
BS_2D1R9SBY	1275	113	84	197	0.154509803921569	GNG
BS_2E9VDD00	350	18	6	24	0.0685714285714286	LGG
BS_2EDZ7F2G	255	19	15	34	0.133333333333333	HGG
BS_2EMW8ZG3	1685	19	5	24	0.0142433234421365	LGG
BS_2EN3X6HB	823	9	5	14	0.0170109356014581	HGG
BS_2FEZWH1F	1938	26	16	42	0.021671826625387	HGG
BS_2G4EH95X	2046	28	6	34	0.0166177908113392	MB
BS_2GSAPE1R	310	38	13	51	0.164516129032258	HGG
BS_2HNXVFAS	2211	29	54	83	0.0375395748530077	HGG
BS_2JP7RBMB	2053	9	5	14	0.00681928884559182	HGG
BS_2K01T8K6	1513	3	15	18	0.0118968935888962	HGG
BS_2KJ2YAZR	2319	3		3	0.00129366106080207	LGG
BS_2M4174KG	1344	22	4	26	0.0193452380952381	MB
BS_2QCQYY6M	758	83	49	132	0.174142480211082	GNG
BS_2R9HK6YY	1116	17	14	31	0.0277777777777778	LGG
BS_2R9TCR03	1764	13	5	18	0.0102040816326531	LGG
BS_2SFTWNVE	2834	7	11	18	0.0063514467184192	MB
BS_2T5PJAW8	733	39	14	53	0.0723055934515689	HGG
BS_2WANPFBJ	1133	125	116	241	0.212709620476611	HGG
BS_2WPQ8YCW	1423	8	3	11	0.00773014757554462	LGG
BS_2XM08BFY	1287	27	10	37	0.0287490287490287	LGG
BS_2YCJV2VV	1988	7	3	10	0.00503018108651911	LGG
BS_2Z1MKS84	2685	9	12	21	0.00782122905027933	MB
BS_304SPN6B	1278	11	8	19	0.014866979655712	LGG
BS_30F3Z9FS	2205	16	98	114	0.0517006802721088	HGG
BS_30VC3R2Q	2135	7	4	11	0.00515222482435597	HGG
BS_30YWQ3FY	1397	60	108	168	0.120257695060845	HGG
BS_31MBRWC4	1684	14	136	150	0.0890736342042755	HGG
BS_31TF0P1N	1218	28	18	46	0.0377668308702791	ATRT
BS_333KCNDP	1462	12	72	84	0.0574555403556772	HGG
BS_33AQSPRP	708	90	38	128	0.180790960451977	LGG
BS_34201DKZ	2277	20	6	26	0.0114185331576636	EPN
BS_34CAMM62	1127	34	10	44	0.0390417036379769	MB
BS_397XFJY9	601	49	9	58	0.0965058236272879	MB
BS_399RPKC9	2245	4	8	12	0.00534521158129176	HGG
BS_3A9BTVZJ	1090	44	19	63	0.0577981651376147	EPN
BS_3AC3SRWH	319	19	15	34	0.106583072100313	HGG
BS_3BVVWHP5	1894	20	8	28	0.0147835269271383	LGG
BS_3EVSN5QD	1660	15	4	19	0.0114457831325301	LGG
BS_3F5PR9GS	1973	11	12	23	0.0116573745565129	MB
BS_3G3KWY18	2103	5	2	7	0.00332857822158821	LGG
BS_3GAN6Q43	1538	104	36	140	0.0910273081924577	LGG
BS_3GDARCHK	1773	15	85	100	0.0564015792442188	CPG
BS_3HGBZBGA	523	39	17	56	0.107074569789675	CPG
BS_3J89DCN0	291	16	184	200	0.687285223367698	HGG
BS_3MS8WVNR	2431	6	6	12	0.00493624023035788	HGG
BS_3MYEMXPQ	2020	14	21	35	0.0173267326732673	MB
BS_3N2YFZFB	1839	20	278	298	0.162044589450788	MB
BS_3NQB12XN	2457	109	45	154	0.0626780626780627	EPN
BS_3NWQXPQV	2085	18	37	55	0.026378896882494	MB
BS_3P20Q2C3	2462	5	23	28	0.0113728675873274	LGG
BS_3PYESPHA	1761	17	17	34	0.0193072118114708	GNG
BS_3Q0GTSYH	1812	14	5	19	0.010485651214128	LGG
BS_3RAM3K7B	2552	29	8	37	0.0144984326018809	MB
BS_3SZZ50WB	1377	31	5	36	0.0261437908496732	MB
BS_3TFMJH30	139	15	5	20	0.143884892086331	LGG
BS_3TJHY996	1476	22	7	29	0.0196476964769648	GNG
BS_3TQSE8HF	2255	8	7	15	0.00665188470066519	LGG
BS_3V3KE3VT	2453	8	42	50	0.0203832042397065	MB
BS_3VJ0CA6A	1283	8	6	14	0.0109119251753702	LGG
BS_3W07B2TG	2330	5	4	9	0.00386266094420601	LGG
BS_3X9WMZGJ	1668	15	10	25	0.0149880095923261	EPN
BS_3XY76V8T	2226	6	4	10	0.00449236298292902	GNG
BS_3XYJBBHQ	1056	32	16	48	0.0454545454545455	HGG
BS_3Y2X2RBJ	2243	26	13	39	0.0173874275523852	LGG
BS_3ZPJAK9A	1706	49	48	97	0.0568581477139508	HGG
BS_401R3KV0	2065	2	7	9	0.00435835351089588	LGG
BS_418N847Z	1769	29	13	42	0.0237422272470322	EPN
BS_41YS708B	2014	24	4	28	0.0139026812313803	CPG
BS_42DY6WS7	2319	3	5	8	0.00344976282880552	LGG
BS_42Y3YANN	2369	3	5	8	0.00337695230054875	LGG
BS_45J79YTF	1883	17	16	33	0.0175252257036644	HGG
BS_46MF83WA	1234	30	9	39	0.0316045380875203	MB
BS_470DYRJQ	2166	5	1	6	0.00277008310249307	LGG
BS_474A88X1	305	34	9	43	0.140983606557377	LGG
BS_478TN841	2140	8	9	17	0.00794392523364486	GNG
BS_47SJZ3PH	1638	4	5	9	0.00549450549450549	LGG
BS_49852ZBH	2626	3	2	5	0.0019040365575019	LGG
BS_49BQS7Z6	2343	11	7	18	0.00768245838668374	HGG
BS_49CJNZ06	2256	29	16	45	0.0199468085106383	HGG
BS_49FQXT2E	2198	6	7	13	0.00591446769790719	HGG
BS_4A45GGSW	2201	6	7	13	0.00590640617900954	LGG
BS_4B0BAVTX	2344	9	3	12	0.00511945392491468	HGG
BS_4BM3F6XJ	944	20	17	37	0.0391949152542373	HGG
BS_4BWB0FA0	1969	30	14	44	0.0223463687150838	LGG
BS_4C4MZ4NT	1865	3	7	10	0.00536193029490617	LGG
BS_4C6B11E4	1222	3	12	15	0.0122749590834697	HGG
BS_4CP4T22V	1811	14	17	31	0.0171176145775814	MB
BS_4CXE5XEP	1234	18	4	22	0.0178282009724473	LGG
BS_4D9DD103	2773	10	12	22	0.00793364587089794	MB
BS_4E1G7E3G	2440	69	317	386	0.158196721311475	ATRT
BS_4EN8D8Y4	2169	9	15	24	0.0110650069156293	LGG
BS_4FZS7TX4	1259	6	11	17	0.0135027799841144	EPN
BS_4GNN7J8E	1506	8	13	21	0.0139442231075697	HGG
BS_4HQ3T2NC	2200	1	3	4	0.00181818181818182	LGG
BS_4K2TNJ8R	337	53	27	80	0.237388724035608	LGG
BS_4KNBXM3C	1794	27	29	56	0.0312151616499443	HGG
BS_4N1GNHX4	1204	32	15	47	0.0390365448504983	LGG
BS_4NF35AF6	2225	3	1	4	0.00179775280898876	LGG
BS_4NWHYH53	1035	10	8	18	0.0173913043478261	EPN
BS_4PBXY1E3	2564	45	18	63	0.0245709828393136	MB
BS_4PH1MBGR	2726	6	10	16	0.00586940572267058	MB
BS_4PPHAQXF	1595	7	8	15	0.00940438871473354	HGG
BS_4PWDGEB0	1307	19	7	26	0.0198928844682479	HGG
BS_4QW2S1Q8	2321	3	5	8	0.003446790176648	HGG
BS_4SCWT0FX	1638	8	5	13	0.00793650793650794	EPN
BS_4T0HPZDC	1968	6	14	20	0.0101626016260163	EPN
BS_4T0HQ9QF	898	38	18	56	0.0623608017817372	HGG
BS_4TZQY7TT	482	27	10	37	0.0767634854771784	LGG
BS_4V42BXBT	1890	23	24	47	0.0248677248677249	HGG
BS_4W1PKKYD	1157	30	12	42	0.0363007778738116	LGG
BS_4W68NV3M	2325	19	51	70	0.0301075268817204	MB
BS_4XH092HE	2541	24	9	33	0.012987012987013	LGG
BS_4Y2JAQTS	1543	66	36	102	0.0661049902786779	GNG
BS_4Y6BCYK5	2100	11	5	16	0.00761904761904762	LGG
BS_4Y93HVP4	1624	5	3	8	0.00492610837438424	LGG
BS_4Z2F4P9N	2668	6	6	12	0.00449775112443778	LGG
BS_503DZ8BN	1577	30	14	44	0.0279010779961953	LGG
BS_50S6TFFE	1322	57	18	75	0.056732223903177	EPN
BS_516X056B	1787	36	121	157	0.0878567431449356	MB
BS_51RA1PGE	2382	5	9	14	0.00587741393786734	HGG
BS_52426AMF	2152	6	1	7	0.00325278810408922	LGG
BS_52C576HH	2449	4	7	11	0.00449162923642303	HGG
BS_52DAPP1Y	1559	8	1	9	0.00577293136626042	LGG
BS_52MPKTJH	2230	23	65	88	0.0394618834080717	HGG
BS_534XRSNB	1441	16	8	24	0.0166551006245663	LGG
BS_53GQKVEX	2093	3	5	8	0.00382226469182991	LGG
BS_53KFK3G0	1966	26	3	29	0.0147507629704985	ATRT
BS_53M8PP88	2163	6	7	13	0.00601017105871475	EPN
BS_54CFNJ16	519	89	38	127	0.244701348747592	HGG
BS_54H90JW2	1346	28	12	40	0.0297176820208024	LGG
BS_55JW3HFM	2798	2	5	7	0.00250178699070765	GNG
BS_55P8HPYD	1848		4	4	0.00216450216450216	LGG
BS_55X1W2MR	460	55	32	87	0.189130434782609	GNG
BS_57NMZPS0	879	31	11	42	0.0477815699658703	LGG
BS_58AJ8F56	772	64	88	152	0.196891191709845	HGG
BS_58N4Y4ZJ	1247	53	12	65	0.0521251002405774	MB
BS_58YXHGAJ	1559	2	8	10	0.0064143681847338	HGG
BS_593HEWBF	1906	3	5	8	0.00419727177334732	GNG
BS_5965SFPZ	2046	5	3	8	0.00391006842619746	HGG
BS_596QRYFP	957	7	7	14	0.0146290491118077	HGG
BS_5G5BD2MD	639	49	12	61	0.0954616588419405	HGG
BS_5J5D3QTD	2297	65	29	94	0.0409229429690901	LGG
BS_5JM573JC	2220	40	52	92	0.0414414414414414	GNG
BS_5K3R0F5D	2007	7	10	17	0.00847035376183358	GNG
BS_5K95FX4C	1912	7	29	36	0.0188284518828452	HGG
BS_5KBXD2GQ	731	54	33	87	0.119015047879617	HGG
BS_5NWDARXG	2082	7	4	11	0.00528338136407301	LGG
BS_5PJCHF6V	2134	14	22	36	0.0168697282099344	MB
BS_5PV5N4HQ	2058	4	3	7	0.00340136054421769	LGG
BS_5SWXR2QQ	716	43	25	68	0.0949720670391061	EPN
BS_5VPM0F36	1670	1	8	9	0.00538922155688623	HGG
BS_5VQP0E6K	2211	5	10	15	0.0067842605156038	MB
BS_5YJEPPTP	1888	1	5	6	0.00317796610169492	LGG
BS_5YYCP891	897	23	5	28	0.0312151616499443	LGG
BS_5ZD8FRPJ	2102	23	140	163	0.0775451950523311	MB
BS_60DX1WQ5	424	34	18	52	0.122641509433962	LGG
BS_613KQVAE	1507	63	24	87	0.0577305905773059	EPN
BS_61E80SD6	2476	22	22	44	0.0177705977382876	MB
BS_62SW4CC5	1344	19	64	83	0.0617559523809524	HGG
BS_63F8QR26	413	13	9	22	0.0532687651331719	LGG
BS_63JT39PX	1288	19	6	25	0.0194099378881988	LGG
BS_65A41ZQJ	1981	8	27	35	0.0176678445229682	ATRT
BS_65WPD3DA	1754	17	127	144	0.0820980615735462	HGG
BS_66ABA973	1707	8	5	13	0.00761570005858231	LGG
BS_66HQ3E4Z	2068	2	4	6	0.00290135396518375	LGG
BS_67V4F080	1634	48	60	108	0.0660954712362301	HGG
BS_67Z63A2K	2083	16	7	23	0.0110417666826692	EPN
BS_680K119G	1909	7	7	14	0.00733368255631221	GNG
BS_68BW2163	1737	15	7	22	0.0126655152561888	LGG
BS_68KX6A42	2904	7	6	13	0.00447658402203857	HGG
BS_699TN5RN	2143	6	3	9	0.00419972001866542	GNG
BS_6AB299R2	2456	18	12	30	0.012214983713355	MB
BS_6AFD49QR	1877	12	2	14	0.00745871070857752	EPN
BS_6AQ5RR83	1244	36	22	58	0.0466237942122186	EPN
BS_6BGES4ZG	1364	73	19	92	0.0674486803519062	HGG
BS_6BHX3P3N	618	56	27	83	0.134304207119741	ATRT
BS_6BQ2Q78K	1094	23	29	52	0.0475319926873857	MB
BS_6DCSD5Y6	2084	63	448	511	0.245201535508637	HGG
BS_6EW6X0J0	1417	19	5	24	0.0169371912491179	MB
BS_6G6C7VPX	2171	8	10	18	0.00829111008751727	ATRT
BS_6H1C1ME9	2230	8	12	20	0.00896860986547085	EPN
BS_6H4Q24WA	1921	5	22	27	0.0140551795939615	HGG
BS_6HXD39AM	1675	13	5	18	0.0107462686567164	GNG
BS_6KBHF52X	788	43	13	56	0.0710659898477157	ATRT
BS_6M2053M0	880	3	3	6	0.00681818181818182	HGG
BS_6MZ7FRZH	2342	14	3	17	0.00725875320239112	EPN
BS_6N3AFF66	1298	12	3	15	0.0115562403697997	LGG
BS_6N7YE1A4	1547	108	117	225	0.145442792501616	EPN
BS_6NBTFA33	817	20	6	26	0.0318237454100367	CPG
BS_6NTXGQAC	1968	15	24	39	0.0198170731707317	GNG
BS_6P50QTPP	1722	7	2	9	0.00522648083623693	LGG
BS_6PWHC64Y	1729	12	9	21	0.0121457489878543	MB
BS_6RX2743N	1363	40	12	52	0.0381511371973588	MB
BS_6SY64H5J	1849	23	38	61	0.0329908058409951	HGG
BS_6TSAVMT9	2392	41	24	65	0.0271739130434783	LGG
BS_6VF6VPCG	1540	10	5	15	0.00974025974025974	LGG
BS_6VRG1XFB	1022	31	16	47	0.0459882583170254	HGG
BS_6VW8FC7Z	1846	49	23	72	0.0390032502708559	LGG
BS_6W0VHGQE	1151	67	27	94	0.0816681146828844	MB
BS_6WP1FHTE	1911	4	6	10	0.00523286237571952	HGG
BS_6XHRA95C	565	48	29	77	0.136283185840708	MB
BS_71GFQYV5	678	52	79	131	0.193215339233038	LGG
BS_7327SDAQ	2367	9	4	13	0.00549218419940853	HGG
BS_74FS6GMW	2479	2	11	13	0.00524405002016942	ATRT
BS_74G5K7JF	1010	4	3	7	0.00693069306930693	EPN
BS_75YRDXET	1909	12	36	48	0.0251440544787847	HGG
BS_769BDPDB	1951	14	5	19	0.0097385955920041	LGG
BS_76DRXZRJ	1753	16	6	22	0.0125499144324016	LGG
BS_77317DY4	2435	38	220	258	0.105954825462012	MB
BS_775HDFNY	2304	7	7	14	0.00607638888888889	LGG
BS_77CDMEY4	2125	13	5	18	0.00847058823529412	GNG
BS_77SBTNPN	2021	22	12	34	0.0168233547748639	HGG
BS_78QX3XDF	1898	4	32	36	0.0189673340358272	CPG
BS_78SCX2N9	1298	23	11	34	0.0261941448382126	MB
BS_7APCGCVF	496	46	43	89	0.179435483870968	HGG
BS_7ARDVFCP	1537	18	2	20	0.0130123617436565	LGG
BS_7B89YR6K	1989	61	161	222	0.111613876319759	EPN
BS_7BTZQKYY	3334	20	13	33	0.00989802039592082	EPN
BS_7C40TRCY	2149	8	10	18	0.00837598883201489	MB
BS_7FKE2YPB	1776	35	21	56	0.0315315315315315	EPN
BS_7FWZ518S	2287	9	7	16	0.0069960647135986	MB
BS_7G42J2SK	1508	18	6	24	0.0159151193633952	EPN
BS_7GJT4A6A	1952	55	215	270	0.138319672131148	HGG
BS_7GKWKGPH	1228	33	55	88	0.0716612377850163	HGG
BS_7H4RFCW9	1939	1	3	4	0.00206291903042806	LGG
BS_7M3FNSYK	1537	20	10	30	0.0195185426154847	LGG
BS_7MGXMG6S	2224	21	51	72	0.0323741007194245	LGG
BS_7N0B2CY1	1543	17	13	30	0.0194426441996111	GNG
BS_7P83Z28P	2218	3	3	6	0.00270513976555455	LGG
BS_7PVJ6Q3D	1348	18	14	32	0.0237388724035608	HGG
BS_7SMY657N	1156	26	8	34	0.0294117647058824	MB
BS_7T1J3KET	1734	12	2	14	0.00807381776239908	CPG
BS_7WKNNRHK	905	26	14	40	0.0441988950276243	HGG
BS_7XQRH69M	2175	5	9	14	0.0064367816091954	MB
BS_7XRN3CFX	2143	7	9	16	0.00746616892207186	LGG
BS_7Z93ZYMS	2252	2		2	0.00088809946714032	LGG
BS_81SP2HX4	2186	14	11	25	0.0114364135407136	MB
BS_83HGE3WV	1188	34	64	98	0.0824915824915825	MB
BS_84PYF22K	1199	17	5	22	0.018348623853211	CPG
BS_84VZX732	382	59	33	92	0.240837696335079	HGG
BS_84XCR9GG	2307	6	14	20	0.00866926744690074	HGG
BS_850BAHH9	1657	6	5	11	0.00663850331925166	ATRT
BS_862NMAR7	3190	14	35	49	0.0153605015673981	HGG
BS_86Q14TZG	2602	1	4	5	0.00192159877017679	CPG
BS_880ESDFZ	813	38	13	51	0.0627306273062731	LGG
BS_8B2RAF9R	1533	103	76	179	0.116764514024788	MB
BS_8BF616QR	1844	107	36	143	0.0775488069414317	LGG
BS_8D0NYM46	2376	3	12	15	0.00631313131313131	CPG
BS_8E8JKP01	1973	27	19	46	0.0233147491130258	HGG
BS_8ERBDF7D	3598	40	37	77	0.0214007782101167	HGG
BS_8GBH4QYB	393	29	11	40	0.101781170483461	CPG
BS_8GW1TMV2	964	4	8	12	0.012448132780083	MB
BS_8H3S44QP	1430	10	36	46	0.0321678321678322	HGG
BS_8J3B6ZB6	1975		2	2	0.0010126582278481	LGG
BS_8K9YVM5G	1608	36	10	46	0.0286069651741294	MB
BS_8PE0ZBXN	816	15	4	19	0.0232843137254902	LGG
BS_8PNA0V6R	2305	5	14	19	0.00824295010845987	HGG
BS_8Q4JWFKK	520	35	13	48	0.0923076923076923	LGG
BS_8Q7W9NSR	1473	31	10	41	0.0278343516632722	EPN
BS_8Q7Z32DD	47	10	5	15	0.319148936170213	LGG
BS_8QJ43WKW	958	114	60	174	0.181628392484342	LGG
BS_8RCR7Y4B	2409	17	3	20	0.008302200083022	LGG
BS_8RHPJ740	2112	13	9	22	0.0104166666666667	EPN
BS_8SKZ7BRN	2421	10	53	63	0.0260223048327138	LGG
BS_8T7DZV2F	822	7	5	12	0.0145985401459854	MB
BS_8TR7980G	988	24	16	40	0.0404858299595142	LGG
BS_8TTMM7FE	2171	9	41	50	0.0230308613542146	MB
BS_8VAZSJEN	1689	5	2	7	0.00414446417998816	LGG
BS_8YWYN7VH	711	83	38	121	0.170182841068917	HGG
BS_8Z3SCKB5	1902	14	2	16	0.00841219768664564	LGG
BS_8ZE4Z9G5	2221	42	11	53	0.0238631247185952	HGG
BS_8ZP3CBQA	2984	5	8	13	0.00435656836461126	EPN
BS_8ZS9F31R	854	1	6	7	0.00819672131147541	HGG
BS_8ZY4GST0	1491	6	5	11	0.0073775989268947	HGG
BS_90B22NGP	2229	39	169	208	0.0933153880663975	ATRT
BS_912NX4Y0	2200	9	20	29	0.0131818181818182	GNG
BS_9294WMET	1492	34	13	47	0.0315013404825737	MB
BS_92HCM7BN	1026	9	4	13	0.0126705653021442	LGG
BS_92VDQ0NE	2848	5	23	28	0.0098314606741573	GNG
BS_9477AG24	1447	68	27	95	0.0656530753282654	LGG
BS_94MT16N2	1920	17	95	112	0.0583333333333333	LGG
BS_96BNRT9G	1868	19	26	45	0.0240899357601713	HGG
BS_9755PSCS	1222	7	6	13	0.0106382978723404	LGG
BS_975AWWJE	812	59	23	82	0.100985221674877	EPN
BS_97GBG8T6	699	36	15	51	0.0729613733905579	LGG
BS_97M1E2DW	1655	11	67	78	0.0471299093655589	HGG
BS_996ZS2A4	2237	4	7	11	0.00491729995529727	ATRT
BS_9A1YTHFF	1844	10	59	69	0.0374186550976139	HGG
BS_9B0A62MT	2190	63	91	154	0.0703196347031963	HGG
BS_9BJARSX3	2378	4	9	13	0.00546677880571909	LGG
BS_9CA93S6D	1748	77	379	456	0.260869565217391	HGG
BS_9D1XZKJE	813	89	50	139	0.170971709717097	EPN
BS_9DZ253JY	752	41	35	76	0.101063829787234	LGG
BS_9F09XV62	1790	25	29	54	0.0301675977653631	LGG
BS_9FHEFJNP	656	57	14	71	0.108231707317073	HGG
BS_9FHSNVS0	2351	29	226	255	0.108464483198639	ATRT
BS_9GJ3DB1H	2135	12	143	155	0.0725995316159251	HGG
BS_9H1684FJ	1097	78	24	102	0.0929808568824066	CPG
BS_9H7A00PV	2723	76	58	134	0.0492104296731546	GNG
BS_9HSGV9TJ	1789	15	8	23	0.0128563443264394	LGG
BS_9JBX2E8G	1336	34	14	48	0.0359281437125748	LGG
BS_9K1H3RPM	1027	25	5	30	0.0292112950340798	MB
BS_9M5XJ10G	2264	17	21	38	0.0167844522968198	MB
BS_9NJHQE9F	1838	13	19	32	0.0174102285092492	MB
BS_9NZ2D6AD	1993	16	12	28	0.0140491721023583	MB
BS_9P9MB8X8	1865	8	7	15	0.00804289544235925	LGG
BS_9PB3XH5D	2405	4	21	25	0.0103950103950104	MB
BS_9Q6Z6VJC	1871	6	5	11	0.00587920897915553	LGG
BS_9RT63JD9	2097	9	8	17	0.00810681926561755	LGG
BS_9S7AG4EN	1354	23	9	32	0.0236336779911374	LGG
BS_9SJWWYQ4	1475	6	2	8	0.00542372881355932	LGG
BS_9TXEDSWB	2143	63	95	158	0.0737284181054596	HGG
BS_9V633J1X	2667	7	22	29	0.0108736407949006	MB
BS_9XVACXP0	2320	2	26	28	0.0120689655172414	HGG
BS_9Y1K14Q5	743	10	7	17	0.0228802153432032	HGG
BS_9YXH2CZ0	1122	17	5	22	0.0196078431372549	LGG
BS_9ZJT0CP0	1928	15	53	68	0.0352697095435685	HGG
BS_A0DYVX9J	884	11	12	23	0.0260180995475113	HGG
BS_A13BMEF5	1907	1	3	4	0.00209753539590981	LGG
BS_A14Z8BBK	1913	12	11	23	0.0120230005227392	MB
BS_A1V3BH0Z	1348	73	50	123	0.0912462908011869	LGG
BS_A1VEGWTR	2189	3	1	4	0.00182731841023298	LGG
BS_A2YNJVVG	1511	36	19	55	0.0363997352746525	LGG
BS_A46RDWGM	1895	16	5	21	0.0110817941952507	LGG
BS_A52V3XJM	1778	59	247	306	0.172103487064117	MB
BS_A6NXR7RC	949	1	51	52	0.0547945205479452	HGG
BS_A76PNWQS	1183	14	20	34	0.0287404902789518	LGG
BS_A7MC2KR2	2332	7	6	13	0.0055746140651801	CPG
BS_A7Q8G0Y1	1059	14	63	77	0.072710103871577	HGG
BS_A7W82CVE	368	22	15	37	0.10054347826087	LGG
BS_A87NPZAP	1984	31	146	177	0.0892137096774194	MB
BS_A8XW5S0W	1815	10	75	85	0.046831955922865	HGG
BS_A96FKXN5	864	22	10	32	0.037037037037037	LGG
BS_ABYF92Z9	2074	5	4	9	0.00433944069431051	CPG
BS_AD4JPN9Q	2175	6	4	10	0.00459770114942529	GNG
BS_ADEE1SN5	1060	14	9	23	0.0216981132075472	EPN
BS_AG3D3435	1784	7	2	9	0.00504484304932735	LGG
BS_AGTPCRR4	1721	7	6	13	0.00755374782103428	EPN
BS_AHEFXG7W	1895	14	14	28	0.0147757255936675	MB
BS_AKNF1CJX	566	29	17	46	0.0812720848056537	ATRT
BS_AKRHBPNZ	2176	12	30	42	0.0193014705882353	GNG
BS_AKT8HK8J	1562	15	5	20	0.0128040973111396	LGG
BS_AM0BZ61K	542	30	23	53	0.0977859778597786	LGG
BS_AM70R8RG	2769	9	12	21	0.0075839653304442	MB
BS_AMZ70B6F	2200	8	8	16	0.00727272727272727	MB
BS_AP0SZ364	2235	3	6	9	0.00402684563758389	LGG
BS_AP814Q8D	1137	75	40	115	0.101143359718558	EPN
BS_ARBQDTT5	1658	4	7	11	0.00663449939686369	LGG
BS_ATHSTZ5R	1169	11	6	17	0.0145423438836612	LGG
BS_AV9PD1CR	456	20	12	32	0.0701754385964912	LGG
BS_AVYNZHSB	1550	12	10	22	0.0141935483870968	LGG
BS_AW7J9F9R	621	101	65	166	0.26731078904992	LGG
BS_AWH9757B	2521	7	16	23	0.00912336374454581	HGG
BS_AWJFW3W5	2117	29	9	38	0.0179499291450165	MB
BS_AYSXRQWY	1163	41	32	73	0.0627687016337059	HGG
BS_AZQM1JJH	1765	19	116	135	0.0764872521246459	HGG
BS_B0SVFK4P	2222	25	62	87	0.0391539153915392	LGG
BS_B1C6GZ84	2064	7	4	11	0.00532945736434109	HGG
BS_B1HF89ES	2516	36	17	53	0.0210651828298887	HGG
BS_B1HVNV0T	2142	16	17	33	0.015406162464986	ATRT
BS_B1J776DQ	376	29	14	43	0.11436170212766	LGG
BS_B2QMR6Z9	1596	37	27	64	0.0401002506265664	LGG
BS_B3M5SGPA	1993	10	10	20	0.0100351229302559	LGG
BS_B3MQFFYP	1279	23	6	29	0.0226739640344019	HGG
BS_B4R7X1KE	2511	16	23	39	0.015531660692951	HGG
BS_B53Z0T1Q	1850	11	15	26	0.0140540540540541	CPG
BS_B57327NA	598	47	56	103	0.172240802675585	HGG
BS_B5JM6T8K	1192	26	15	41	0.0343959731543624	LGG
BS_B6JKQFKA	641	40	21	61	0.0951638065522621	LGG
BS_B6M763JS	1852	10	2	12	0.00647948164146868	LGG
BS_B7GEH89C	1216	8	7	15	0.0123355263157895	LGG
BS_B7X8VXQ3	1546	11	4	15	0.00970245795601552	GNG
BS_BA6AZWB3	2315	17	15	32	0.0138228941684665	MB
BS_BANCTAV6	2176	93	137	230	0.105698529411765	LGG
BS_BBAEMXRD	1295	8	90	98	0.0756756756756757	HGG
BS_BBQ6BHGN	1190	73	23	96	0.080672268907563	HGG
BS_BC936YNZ	1506	12	1	13	0.00863213811420983	LGG
BS_BD2TNN61	505	17	9	26	0.0514851485148515	ATRT
BS_BE1WV2B2	1242	12	7	19	0.0152979066022544	MB
BS_BE6EZQHP	1585	44	15	59	0.0372239747634069	MB
BS_BEKKNDWB	1038	45	13	58	0.0558766859344894	MB
BS_BGFDW0VM	688	17	15	32	0.0465116279069767	ATRT
BS_BHR08WGW	1902	3	4	7	0.00368033648790747	CPG
BS_BJBM0BN7	1178	50	11	61	0.0517826825127334	LGG
BS_BJDNWMJH	1854	18	18	36	0.0194174757281553	EPN
BS_BK0HGRXM	1671	9	16	25	0.0149611011370437	HGG
BS_BKQZ550R	2170	4	5	9	0.00414746543778802	LGG
BS_BMMY0H73	1746	4	5	9	0.00515463917525773	HGG
BS_BN3VGJP0	387	33	28	61	0.157622739018088	ATRT
BS_BN986DF6	2119	7	16	23	0.0108541764983483	LGG
BS_BNECCX4D	1742	9	6	15	0.00861079219288174	LGG
BS_BPKRC55C	402	57	27	84	0.208955223880597	EPN
BS_BPM1MRGT	1181	37	20	57	0.048264182895851	LGG
BS_BPSTSCBJ	2345	7	6	13	0.00554371002132196	LGG
BS_BPWEFR89	2401	24	19	43	0.0179092044981258	MB
BS_BSMKSA87	1128	64	30	94	0.0833333333333333	CPG
BS_BSV07M7Z	2440	9	11	20	0.00819672131147541	MB
BS_BVSW4GTG	1839	8	8	16	0.00870038064165307	MB
BS_BW1Z7QQY	715	44	14	58	0.0811188811188811	EPN
BS_BW79W2PD	1678	82	155	237	0.141239570917759	LGG
BS_BYBG9F2X	1112	17	13	30	0.026978417266187	EPN
BS_C05FKR8X	2049	18	20	38	0.0185456320156174	EPN
BS_C0GQVFWA	1281	77	41	118	0.0921155347384856	MB
BS_C0NEVC2B	1464	33	8	41	0.0280054644808743	GNG
BS_C0XFDP38	1950	13	6	19	0.00974358974358974	CPG
BS_C3NW374Q	890	122	34	156	0.175280898876404	HGG
BS_C3P5BC92	1485	16	34	50	0.0336700336700337	CPG
BS_C41DJZ1F	1853	13	27	40	0.0215866162978953	HGG
BS_C51RB0YR	2189	14	10	24	0.0109639104613979	LGG
BS_C6SKJG3N	2148	3	4	7	0.00325884543761639	LGG
BS_C6ZZ3FY5	790	3	7	10	0.0126582278481013	HGG
BS_C7A2TYAC	2195	3	7	10	0.00455580865603645	LGG
BS_C80S5N37	1835	9	10	19	0.0103542234332425	EPN
BS_C83TK159	1185	3	3	6	0.00506329113924051	HGG
BS_C853MJT4	777	44	16	60	0.0772200772200772	MB
BS_C8KEG501	868	18	10	28	0.032258064516129	LGG
BS_C8ME4RZA	1166	29	15	44	0.0377358490566038	CPG
BS_C8RVHTVV	1939	51	27	78	0.0402269210933471	MB
BS_CB6VK7PB	2602	1	5	6	0.00230591852421214	LGG
BS_CC6RREE4	1917	19	10	29	0.0151278038601982	GNG
BS_CCBW38BM	1731	28	9	37	0.0213749277874061	MB
BS_CE7C68FX	368	74	29	103	0.279891304347826	EPN
BS_CF63VG3S	2237	14	81	95	0.0424675905230219	HGG
BS_CFCWWFKG	627	78	26	104	0.165869218500797	CPG
BS_CFD3WHAY	1058	20	10	30	0.0283553875236295	HGG
BS_CG1RG607	1783	61	110	171	0.0959057767807067	HGG
BS_CG6R2RED	1870	67	185	252	0.13475935828877	MB
BS_CGB2WS2A	1997	2	3	5	0.00250375563345018	LGG
BS_CH8Q6FCN	1155	64	34	98	0.0848484848484849	LGG
BS_CHDGRYHJ	943	17	16	33	0.0349946977730647	MB
BS_CKKY5S4M	591	63	36	99	0.16751269035533	MB
BS_CM14SRVX	2588	79	59	138	0.053323029366306	GNG
BS_CMDJJQ7K	855	18	11	29	0.0339181286549708	LGG
BS_CN0GW92K	1656	56	18	74	0.0446859903381642	MB
BS_CN797XGY	984	28	17	45	0.0457317073170732	EPN
BS_CPWBFHAC	2107	24	9	33	0.0156620787850024	LGG
BS_CRG16D94	929	28	10	38	0.0409041980624327	ATRT
BS_CS170P7T	1829	8	31	39	0.0213231273920175	LGG
BS_CTR5X93B	1754	2	1	3	0.00171037628278221	LGG
BS_CV8J6WK8	1082	35	10	45	0.0415896487985213	CPG
BS_CVEDJGHZ	2064	12	78	90	0.0436046511627907	HGG
BS_CVGFNCBJ	1913	14	16	30	0.0156821745948772	LGG
BS_CVGPSXV7	1316	26	11	37	0.0281155015197568	LGG
BS_CX7NH77G	646	19	17	36	0.0557275541795666	LGG
BS_CXAQDK7S	1405	31	15	46	0.0327402135231317	HGG
BS_CXVJK2FY	2071	2	16	18	0.00869145340415258	EPN
BS_CZ3ER8DY	1244	22	17	39	0.0313504823151125	EPN
BS_CZ3NA7KV	965	7	3	10	0.0103626943005181	EPN
BS_CZPQ493E	2856	36	74	110	0.038515406162465	HGG
BS_D144EJRQ	2019	19	10	29	0.0143635463100545	MB
BS_D2K9C7XR	2660	6	11	17	0.00639097744360902	CPG
BS_D3YBV7KB	2127	7	3	10	0.00470145745181006	LGG
BS_D46WVFCP	1841	24	13	37	0.020097772949484	MB
BS_D48301X5	1726	42	14	56	0.0324449594438007	EPN
BS_D4VNDNQA	1609	22	28	50	0.0310752019888129	HGG
BS_D5NQV7N5	1289	21	8	29	0.0224980605120248	CPG
BS_D6J2BGDJ	975	9	74	83	0.0851282051282051	HGG
BS_DB75RPCD	2519	69	38	107	0.0424771734815403	HGG
BS_DEHJF4C7	2349	3	6	9	0.00383141762452107	LGG
BS_DFGS950G	1267	21	50	71	0.0560378847671665	HGG
BS_DFWFBYSN	1952	17	17	34	0.0174180327868852	MB
BS_DGWXNSPK	1634	32	18	50	0.0305997552019584	GNG
BS_DHA5FMVW	2259	8	15	23	0.0101814962372731	ATRT
BS_DK87G2MP	1235	121	198	319	0.2582995951417	HGG
BS_DMJHAG9X	927	20	6	26	0.0280474649406688	LGG
BS_DMZP9G1H	1962	7	20	27	0.0137614678899083	GNG
BS_DNZVP92S	1096	6	23	29	0.0264598540145985	HGG
BS_DPA539AJ	1201	46	16	62	0.0516236469608659	MB
BS_DPF1CX0G	1824	20	6	26	0.0142543859649123	LGG
BS_DR079H0D	1344	14	131	145	0.107886904761905	HGG
BS_DRD9QXR5	2420	4	7	11	0.00454545454545455	CPG
BS_DS1HY9A0	1089	61	17	78	0.0716253443526171	ATRT
BS_DS438CXE	2348	11	9	20	0.00851788756388416	HGG
BS_DS4Z2VBP	2109	26	40	66	0.0312944523470839	EPN
BS_DSPVSM7D	390	8	52	60	0.153846153846154	HGG
BS_DSS3S5XD	2165	5	4	9	0.00415704387990762	LGG
BS_DV86M0Y7	2314		6	6	0.00259291270527226	LGG
BS_DZ4B5A40	2537	33	21	54	0.0212849822625148	LGG
BS_DZFV0CFA	285	51	12	63	0.221052631578947	GNG
BS_DZNXFPH1	819	53	15	68	0.083028083028083	HGG
BS_E054DFJN	1662	26	10	36	0.0216606498194946	CPG
BS_E0XXZRKS	1939	88	49	137	0.0706549767921609	LGG
BS_E0ZEECZ6	1170	29	6	35	0.0299145299145299	ATRT
BS_E1B3BKYA	1709	43	49	92	0.0538326506729081	LGG
BS_E1CGF3KV	1982	15	5	20	0.0100908173562059	LGG
BS_E2B5BJ7A	1456	37	16	53	0.0364010989010989	EPN
BS_E2DEWCSK	1065	6	3	9	0.00845070422535211	LGG
BS_E3BAT4C1	2357	7	40	47	0.0199406024607552	MB
BS_E3EJHXQV	1478	8	4	12	0.0081190798376184	LGG
BS_E4F1D721	1905	9	8	17	0.0089238845144357	EPN
BS_E4QK839R	2133	10	6	16	0.00750117205813408	LGG
BS_E67QTP84	1374	15	11	26	0.0189228529839884	MB
BS_E6DT3HPT	244	24	14	38	0.155737704918033	LGG
BS_E7NVYA6G	1914	63	50	113	0.0590386624869383	HGG
BS_EB0XRBT9	1511	5	13	18	0.0119126406353408	HGG
BS_EBMCTR80	1841	10	5	15	0.00814774579033134	LGG
BS_ECGQWHNQ	1577	21	14	35	0.0221940393151554	LGG
BS_ECNBQ2RA	599	3	25	28	0.0467445742904841	HGG
BS_ECP485VV	1133	50	27	77	0.0679611650485437	MB
BS_ED8G98XT	1750	47	52	99	0.0565714285714286	HGG
BS_EFE4YEK3	2566	19	21	40	0.0155884645362432	MB
BS_EFEZB0ZH	1933	10	3	13	0.00672529746508019	LGG
BS_EHVYJAVA	2401	3	7	10	0.0041649312786339	LGG
BS_EJSWEM34	1174	50	16	66	0.0562180579216354	CPG
BS_EK5PCKY0	579	11	9	20	0.0345423143350604	EPN
BS_EMAJ7P3P	1561	81	52	133	0.0852017937219731	LGG
BS_EMMF4PZX	2191	8	30	38	0.0173436786855317	CPG
BS_EMYET8F4	2298	4	18	22	0.00957354221061793	EPN
BS_EN2VK7NY	2384	3	5	8	0.00335570469798658	LGG
BS_ENEYB4TG	1884	15	13	28	0.0148619957537155	HGG
BS_ENX83H9Z	1809	22	14	36	0.0199004975124378	HGG
BS_EQKYB3JB	735	62	36	98	0.133333333333333	MB
BS_ERJAJ0KA	2619	7	21	28	0.0106911034746086	GNG
BS_ERJT2RFF	279	33	32	65	0.232974910394265	LGG
BS_ERWT0ZWE	2351	15	27	42	0.0178647384091876	MB
BS_ET8CJXSF	2243	11	2	13	0.0057958091841284	LGG
BS_ETDCPRAM	1151	50	22	72	0.0625543006081668	CPG
BS_ETM3DW4J	1165	20	14	34	0.0291845493562232	EPN
BS_EVCAC3NH	759	9	6	15	0.0197628458498024	EPN
BS_EWC2NGHN	1834	30	11	41	0.0223555070883315	EPN
BS_EXPJQZTH	1174	5	40	45	0.0383304940374787	HGG
BS_EXYHZ6D4	340	23	20	43	0.126470588235294	LGG
BS_EY2B6KD0	294	29	11	40	0.136054421768707	LGG
BS_EYSS0ZDS	2066	10	16	26	0.0125847047434656	LGG
BS_EYYMKWB7	2062	20	12	32	0.0155189136760427	LGG
BS_EZ3147MX	3291	3	18	21	0.00638103919781222	HGG
BS_F0JB4EAK	1281	5	6	11	0.00858704137392662	HGG
BS_F0ZP45KB	1509	79	38	117	0.0775347912524851	GNG
BS_F1K9QTBS	729	27	3	30	0.0411522633744856	LGG
BS_F21R36MM	1682	29	28	57	0.0338882282996433	HGG
BS_F349AQKV	564	24	11	35	0.0620567375886525	LGG
BS_F37P8QT7	63	7	5	12	0.19047619047619	LGG
BS_F4E8R9VY	1593	20	7	27	0.0169491525423729	GNG
BS_F5QBVPP0	2085	30	21	51	0.0244604316546763	MB
BS_F65GWS21	390	24	41	65	0.166666666666667	HGG
BS_F6V1Y4QS	2203	5	5	10	0.00453926463912846	LGG
BS_F6ZHHA54	483	54	29	83	0.17184265010352	MB
BS_F77MGAQT	1304	40	53	93	0.071319018404908	LGG
BS_F8N6CFQE	1941	2	4	6	0.00309119010819165	LGG
BS_F9Y4Z92G	2114	13	30	43	0.0203405865657521	HGG
BS_FAQQ0GCQ	2603	5	6	11	0.00422589320015367	GNG
BS_FBRNNYCA	1332	28	8	36	0.027027027027027	MB
BS_FCDAH728	2008	13	14	27	0.0134462151394422	HGG
BS_FEKM7X6Z	815	50	13	63	0.0773006134969325	CPG
BS_FEV5A0HN	2044	10	10	20	0.00978473581213307	HGG
BS_FGJH1X0S	1590	7	101	108	0.0679245283018868	HGG
BS_FGQA2S06	1418	28	7	35	0.0246826516220028	LGG
BS_FHM1TKTT	1480	57	79	136	0.0918918918918919	MB
BS_FJ2H219D	238	13	14	27	0.113445378151261	HGG
BS_FJWZ3M7V	2044	5	2	7	0.00342465753424658	LGG
BS_FKASA3MN	1064	11	44	55	0.0516917293233083	HGG
BS_FKDQJJB5	1836	7	12	19	0.0103485838779956	MB
BS_FQ5VYCBD	1663	12	9	21	0.0126277811184606	HGG
BS_FR42HY0Z	975	43	13	56	0.0574358974358974	LGG
BS_FRZ76GEG	2036	6	4	10	0.00491159135559921	CPG
BS_FTKPQ5FZ	607	10	14	24	0.0395387149917628	EPN
BS_FV820J38	1482	23	14	37	0.0249662618083671	MB
BS_FW5ECXXK	750	12	7	19	0.0253333333333333	EPN
BS_FX2P2WEG	1718	24	50	74	0.0430733410942957	HGG
BS_FXJY0MNH	2215	64	57	121	0.054627539503386	HGG
BS_FYP2B298	2067	39	27	66	0.0319303338171263	HGG
BS_FYRDYBMZ	1624	27	5	32	0.0197044334975369	HGG
BS_FZRCFK0W	512	63	19	82	0.16015625	LGG
BS_G00FHF3Q	2383	13	18	31	0.0130088124213177	MB
BS_G0RPJHA9	1167	21	9	30	0.025706940874036	EPN
BS_G19QZG4S	1414	47	14	61	0.0431400282885431	HGG
BS_G1DAGKSY	730	32	14	46	0.063013698630137	LGG
BS_G1E5DATJ	1762	10	21	31	0.0175936435868331	HGG
BS_G23JJAZY	1027	10	4	14	0.0136319376825706	EPN
BS_G257VSS9	1616	18	8	26	0.0160891089108911	HGG
BS_G3NN392N	1147	19	17	36	0.031386224934612	HGG
BS_G5NHSFD4	2298	6	38	44	0.0191470844212359	HGG
BS_G5QBBHDV	1518	33	147	180	0.118577075098814	LGG
BS_G63HYD6N	2368	16	6	22	0.00929054054054054	EPN
BS_G6RKBJEY	1101	23	5	28	0.0254314259763851	ATRT
BS_G7AGNB5G	2048	6	8	14	0.0068359375	LGG
BS_G8TXTX0H	1032	13	4	17	0.0164728682170543	HGG
BS_G9219PMD	225	34	15	49	0.217777777777778	LGG
BS_G9XE3N9T	1988	5	6	11	0.00553319919517103	LGG
BS_GAGRGSSX	1883	13	41	54	0.0286776420605417	ATRT
BS_GC3CH9TY	2180	10	7	17	0.00779816513761468	CPG
BS_GCA4GET3	2045	4	9	13	0.00635696821515892	LGG
BS_GCQFGDTX	2847	4	18	22	0.00772743238496663	MB
BS_GE2RVZE6	2552	9	20	29	0.0113636363636364	MB
BS_GG9W3J9Y	2162	5	7	12	0.00555041628122109	HGG
BS_GHNJ4CYC	1536	12	5	17	0.0110677083333333	LGG
BS_GHZJ8FX3	173	30	19	49	0.283236994219653	LGG
BS_GJNCYABP	1481	11	3	14	0.00945307224848076	ATRT
BS_GKDWPV3K	918	44	18	62	0.0675381263616558	ATRT
BS_GKZZJ29B	1241	35	11	46	0.0370668815471394	EPN
BS_GMDQK06Q	2324	5	3	8	0.00344234079173838	CPG
BS_GMF4ABXJ	2367	61	29	90	0.0380228136882129	GNG
BS_GMJBGBWB	1925	6	7	13	0.00675324675324675	CPG
BS_GNV89A5P	2093	10	14	24	0.0114667940754897	MB
BS_GPEGRCCT	2315	3	9	12	0.00518358531317495	LGG
BS_GR46VD0Q	2622	6	9	15	0.005720823798627	LGG
BS_GS1KR5PK	2870	24	204	228	0.0794425087108014	MB
BS_GS7Q2JHA	1354	16	3	19	0.0140324963072378	EPN
BS_GSV81YTV	1244	44	33	77	0.0618971061093248	LGG
BS_GTZCFGRZ	2347	15	88	103	0.0438858116744781	GNG
BS_GV3NZ9QD	2296	1	8	9	0.0039198606271777	EPN
BS_GVPKBXC1	2113	47	16	63	0.0298154283009938	ATRT
BS_GW0GKWMS	2108	7	7	14	0.00664136622390892	HGG
BS_GWCRMKE6	2123	2	5	7	0.00329722091380122	LGG
BS_GWHYM3R4	857	75	41	116	0.135355892648775	HGG
BS_GWSJ4Z9H	2288	4	4	8	0.0034965034965035	HGG
BS_GYA4V1RD	2802	3	4	7	0.00249821556031406	LGG
BS_GYXSDZ56	2260	3	2	5	0.00221238938053097	LGG
BS_H08FEN68	1378	78	294	372	0.269956458635704	LGG
BS_H0QWRJE2	1911	15	7	22	0.0115122972265829	HGG
BS_H0TJS3RZ	1430	46	12	58	0.0405594405594406	GNG
BS_H0WF1WHE	1280	12	10	22	0.0171875	LGG
BS_H18EDRJK	1230	16	5	21	0.0170731707317073	CPG
BS_H1XPVS9A	1800	11	6	17	0.00944444444444444	LGG
BS_H1ZS5FMZ	2010	13	3	16	0.00796019900497512	HGG
BS_H3FE3TH9	2274	4	6	10	0.00439753737906772	LGG
BS_H4B5Y6S0	1011	18	18	36	0.0356083086053412	MB
BS_H4NXBD2D	973	11	5	16	0.0164439876670093	EPN
BS_H5VQJR7X	703	59	39	98	0.139402560455192	HGG
BS_H8A9PSYA	1691	11	7	18	0.0106445890005914	LGG
BS_H97S5SQN	1978	4	6	10	0.00505561172901921	HGG
BS_H9EX5WX3	2349	47	19	66	0.0280970625798212	LGG
BS_H9JYKFTV	1064	6	7	13	0.012218045112782	HGG
BS_HA20Y4XY	2133	8	3	11	0.00515705578996718	LGG
BS_HB03GSHF	1878	13	7	20	0.0106496272630458	MB
BS_HC44ZA0V	2011	27	21	48	0.0238687220288414	EPN
BS_HC5M8JTC	2206	5	1	6	0.00271985494106981	LGG
BS_HD33RVPJ	1020	43	17	60	0.0588235294117647	MB
BS_HD4EJYE3	2351	6	14	20	0.00850701829008932	MB
BS_HDPCQETG	873	9	8	17	0.0194730813287514	HGG
BS_HE0WJRW6	2270	27	51	78	0.0343612334801762	HGG
BS_HE57E1RP	1969	8	13	21	0.01066531234129	MB
BS_HF3RNN2T	1969	11	17	28	0.0142204164550533	MB
BS_HHPA8NJ2	1756	10	16	26	0.0148063781321185	MB
BS_HJRTC9JQ	2675	8	19	27	0.0100934579439252	HGG
BS_HJVKKWGP	1391	34	9	43	0.0309130122214234	EPN
BS_HK9P0Q4G	1444	45	13	58	0.0401662049861496	LGG
BS_HKZENFDA	853	3	13	16	0.018757327080891	MB
BS_HM0R6SXQ	1358	14	2	16	0.0117820324005891	LGG
BS_HM997M0B	838	81	26	107	0.127684964200477	CPG
BS_HNMQ7488	1491	33	7	40	0.0268276324614353	LGG
BS_HPEYQCY8	590	23	11	34	0.0576271186440678	LGG
BS_HPV4F6VR	1369	22	6	28	0.0204528853177502	CPG
BS_HQ5BJ6MW	1729	15	1	16	0.0092539039907461	LGG
BS_HQDXQ5Y4	767	42	32	74	0.0964797913950456	LGG
BS_HQNTHFJT	859	106	66	172	0.20023282887078	LGG
BS_HQYGYPCV	1278	33	11	44	0.0344287949921753	LGG
BS_HRJ9145M	1515	31	25	56	0.036963696369637	HGG
BS_HSHN8PBB	1903	8	10	18	0.00945874934314241	LGG
BS_HSPV8GXC	99	16	7	23	0.232323232323232	LGG
BS_HSTNFPKW	1049	11	4	15	0.0142993326978074	LGG
BS_HTEPAKCM	1968	16	22	38	0.0193089430894309	MB
BS_HTSFDSJR	380	87	33	120	0.315789473684211	EPN
BS_HV8PFRBR	1450	15	5	20	0.0137931034482759	LGG
BS_HVGKX0WY	1848	21	120	141	0.0762987012987013	MB
BS_HWVD3RH0	489	36	9	45	0.0920245398773006	LGG
BS_HX0S30NE	2133	4	1	5	0.0023441162681669	LGG
BS_HX8XJ18H	763	15	4	19	0.0249017038007864	ATRT
BS_HY2GHM23	1628	8	106	114	0.07002457002457	MB
BS_HYASKY2Z	1063	41	6	47	0.0442144873000941	EPN
BS_HYYWQVTD	1722	28	14	42	0.024390243902439	ATRT
BS_HZ707C55	2157	14	13	27	0.0125173852573018	EPN
BS_HZ9AYDCQ	2187	8	17	25	0.0114311842706904	HGG
BS_HZE3KYZ1	1818	9	14	23	0.0126512651265127	MB
BS_HZRM07TW	2165	25	13	38	0.0175519630484988	MB
BS_J1AB8PMA	1956	2	7	9	0.00460122699386503	MB
BS_J483EMFP	2290	20	15	35	0.0152838427947598	ATRT
BS_J4JY2F3H	1199	61	28	89	0.0742285237698082	HGG
BS_J4QMPCS6	663	38	14	52	0.0784313725490196	CPG
BS_J5H5VXWY	1269	25	10	35	0.0275807722616233	LGG
BS_J6VKB1VE	1728	11	73	84	0.0486111111111111	LGG
BS_J70GK8SM	687	8	5	13	0.0189228529839884	EPN
BS_J71N7D09	3078	70	279	349	0.113385315139701	MB
BS_J8G4SH4Z	2387	12	19	31	0.012987012987013	MB
BS_J8VX4D17	2031	5	4	9	0.00443131462333826	EPN
BS_J9CBGP57	2318	9	11	20	0.00862812769628991	HGG
BS_J9M83K8T	1034	27	11	38	0.0367504835589942	GNG
BS_JB43XBCQ	1607	5	2	7	0.00435594275046671	HGG
BS_JC7WDK1A	48	1	2	3	0.0625	CPG
BS_JCKGMNR0	679	30	14	44	0.0648011782032401	EPN
BS_JCPKYHKY	2481	3	5	8	0.00322450624748085	CPG
BS_JDSNFYQ0	469	58	35	93	0.198294243070362	HGG
BS_JDWFEE36	947	67	27	94	0.0992608236536431	LGG
BS_JE6RR750	2283	12	194	206	0.0902321506789312	MB
BS_JFB984RG	1836	7	17	24	0.0130718954248366	MB
BS_JFR750KD	2398	5	8	13	0.00542118432026689	LGG
BS_JG9JZTA9	1830	8	6	14	0.00765027322404372	LGG
BS_JGKZ54SA	1023	19		19	0.0185728250244379	LGG
BS_JH29M4KG	2478	3	3	6	0.00242130750605327	LGG
BS_JHGW42S6	2133	8	7	15	0.0070323488045007	EPN
BS_JHTBR7DW	1336	19	38	57	0.0426646706586826	EPN
BS_JJNRHMKM	1119	20	5	25	0.0223413762287757	CPG
BS_JJVH7WR0	1223	6	93	99	0.0809484873262469	HGG
BS_JJW609CE	654	108	60	168	0.256880733944954	MB
BS_JKDKZSX8	484	26	10	36	0.0743801652892562	LGG
BS_JKXA3FQC	2244	5	4	9	0.00401069518716578	LGG
BS_JMD386Z2	392	4	22	26	0.0663265306122449	HGG
BS_JMHG7GCN	1824	12	6	18	0.00986842105263158	LGG
BS_JMMPW4G3	1512	74	15	89	0.0588624338624339	MB
BS_JN3S2H2Z	296	83	22	105	0.35472972972973	LGG
BS_JNXMRAW1	486	22	15	37	0.0761316872427984	LGG
BS_JP95KMRD	1807	3	12	15	0.00830105146651909	HGG
BS_JPHWQ1TV	1921	17	15	32	0.0166579906298803	MB
BS_JQGJQ2QZ	1873	8	155	163	0.0870261612386546	HGG
BS_JQVAWTTM	1494	14	11	25	0.0167336010709505	HGG
BS_JQX8GXMG	1366	27	17	44	0.0322108345534407	MB
BS_JQXHHK0K	1509	10	73	83	0.0550033134526176	HGG
BS_JR5ATB7G	2346	8	25	33	0.0140664961636829	MB
BS_JRYJGYC4	2160	17	97	114	0.0527777777777778	HGG
BS_JS95PE0J	2084	9	9	18	0.00863723608445298	HGG
BS_JT82QGXF	2065	23	63	86	0.0416464891041162	MB
BS_JTMXAMB7	901	5	6	11	0.0122086570477248	MB
BS_JTWNJ8T7	1560	30	88	118	0.0756410256410256	HGG
BS_JVA2NQFF	2438	3	2	5	0.00205086136177194	LGG
BS_JVW2JJ39	2250	47	95	142	0.0631111111111111	HGG
BS_JVZ7AQPV	175	32	25	57	0.325714285714286	HGG
BS_JWSR581E	2278	2	3	5	0.00219490781387182	LGG
BS_JX4QBM9G	1827	37	23	60	0.0328407224958949	GNG
BS_JX7S9MY7	1028	44	15	59	0.0573929961089494	CPG
BS_JXTZSFX3	1046	26	9	35	0.0334608030592734	HGG
BS_JZRM1S3T	2153	7	6	13	0.00603808639108221	MB
BS_K0X3PZGN	1686	18	72	90	0.0533807829181495	HGG
BS_K1024ZPM	1540	27	3	30	0.0194805194805195	EPN
BS_K17VQECG	2040	8	10	18	0.00882352941176471	HGG
BS_K19586VM	899	90	58	148	0.164627363737486	MB
BS_K25F4J3V	1691	4	8	12	0.00709639266706091	ATRT
BS_K2N1WEZ7	984	10	6	16	0.016260162601626	HGG
BS_K2PCC777	1691	11	21	32	0.0189237137788291	HGG
BS_K2VYFVKZ	2247	6		6	0.00267022696929239	LGG
BS_K3ER45RV	2577	14	16	30	0.0116414435389988	MB
BS_K47QA8XB	1942	15	8	23	0.0118434603501545	CPG
BS_K57A4A9D	1171	22	23	45	0.0384286934244236	GNG
BS_K5802F84	2751	6	23	29	0.0105416212286441	LGG
BS_K5KWSB7D	1257	28	18	46	0.0365950676213206	EPN
BS_K74N1BXQ	1836	4	15	19	0.0103485838779956	HGG
BS_K74PZET7	2405	7	23	30	0.0124740124740125	MB
BS_K7MVS0Z7	2142	3	5	8	0.00373482726423903	LGG
BS_K81DR8XG	2271	6	14	20	0.00880669308674593	MB
BS_K81PZXP2	2183	48	21	69	0.0316078790655062	HGG
BS_K838XW6V	683	29	18	47	0.068814055636896	LGG
BS_K88T8SW7	1642	15	29	44	0.0267965895249695	HGG
BS_K8ZGHV4D	829	55	22	77	0.0928829915560917	LGG
BS_KABQQA0T	2408	26	35	61	0.0253322259136213	HGG
BS_KB7WDWY8	1734	36	12	48	0.027681660899654	HGG
BS_KBEX4RT2	1545	20	8	28	0.0181229773462783	HGG
BS_KBT7MQ6H	1601	25	11	36	0.0224859462835728	EPN
BS_KDSTG5YY	2074	8	8	16	0.0077145612343298	EPN
BS_KEA474HN	2282	1	4	5	0.00219106047326906	LGG
BS_KFD5128N	300	9	34	43	0.143333333333333	HGG
BS_KGXP2KJE	1732	21	14	35	0.0202078521939954	MB
BS_KJJZ48WS	660	68	35	103	0.156060606060606	MB
BS_KKDTW11T	808	81	264	345	0.426980198019802	HGG
BS_KN92S7YQ	2413	13	43	56	0.0232076253626191	MB
BS_KND4B5CW	1464	16	10	26	0.0177595628415301	CPG
BS_KP735TJ6	2214	14	65	79	0.0356820234869015	HGG
BS_KPT2WPHW	2184	11	21	32	0.0146520146520147	GNG
BS_KRS4EV4X	1742	30	16	46	0.026406429391504	HGG
BS_KS8HMGA6	1712	9	14	23	0.0134345794392523	HGG
BS_KSC2H2HV	625	42	18	60	0.096	LGG
BS_KT3C0XCA	1787	34	20	54	0.0302182428651371	EPN
BS_KT975AEF	2162	43	18	61	0.0282146160962072	LGG
BS_KVNGNETA	2025	26	10	36	0.0177777777777778	MB
BS_KVPWHDR4	1725	53	25	78	0.0452173913043478	HGG
BS_KVV7001W	2567	4	14	18	0.0070120763537203	GNG
BS_KWVZXEDS	1020	75	34	109	0.106862745098039	EPN
BS_KX9ECQZW	1388	24	17	41	0.0295389048991354	MB
BS_KXCY5BN5	2363	5	2	7	0.00296233601354211	ATRT
BS_KXMYBQ6N	1850	13	8	21	0.0113513513513514	EPN
BS_KYF0Q0E7	802	13	14	27	0.0336658354114713	MB
BS_M0FA190Y	1767	10	13	23	0.0130164119977363	HGG
BS_M0QYNVK8	2661	14	5	19	0.0071401728673431	HGG
BS_M0XGZ53Z	420	2	21	23	0.0547619047619048	HGG
BS_M15PW2N0	2480	10	10	20	0.00806451612903226	MB
BS_M1PVEHCM	2032	49	159	208	0.102362204724409	HGG
BS_M1T1K5WV	2671	15	13	28	0.0104829651815799	EPN
BS_M1XJJA7E	538	45	50	95	0.176579925650558	HGG
BS_M3C0MZC9	581	39	30	69	0.118760757314974	EPN
BS_M4923M40	1843	18	17	35	0.0189907759088443	ATRT
BS_M4HQAPWK	793	38	13	51	0.064312736443884	MB
BS_M4NVX721	2157	12	8	20	0.00927213722763097	GNG
BS_M4TTKPNR	2216	4	3	7	0.00315884476534296	LGG
BS_M54TWTH4	964	97	177	274	0.284232365145228	HGG
BS_M7HCF7DW	2557	5	9	14	0.00547516621040282	HGG
BS_M7XB258E	892	29	12	41	0.0459641255605381	HGG
BS_M84H3KXA	995	9	6	15	0.0150753768844221	MB
BS_M85CXHDV	1899	12	3	15	0.00789889415481832	HGG
BS_M86ECPHK	2988	7	27	34	0.0113788487282463	MB
BS_M8M56Z4Y	2037	10	9	19	0.00932744231713304	LGG
BS_M8WP5T16	2269	6	1	7	0.00308505949757602	LGG
BS_MA2T7ET1	1311	31	27	58	0.0442410373760488	EPN
BS_MB7WN0ZB	1090	16	9	25	0.0229357798165138	HGG
BS_MBQND18D	954	84	44	128	0.134171907756813	LGG
BS_MBR71BJA	230	27	16	43	0.18695652173913	HGG
BS_MBSTWZA6	2485	3	3	6	0.00241448692152917	LGG
BS_MD0937XT	646	6	40	46	0.0712074303405573	HGG
BS_MDBT7S5Z	1797	13	12	25	0.0139120756816917	HGG
BS_ME3HKN2C	1891	6	5	11	0.00581702802749868	LGG
BS_ME6VQGG4	1931	20	37	57	0.0295183842568617	HGG
BS_MF47B9ZW	1460	26	38	64	0.0438356164383562	GNG
BS_MF9X3PKH	2408	4	4	8	0.00332225913621262	LGG
BS_MFGZH8FK	2027	37	11	48	0.0236803157375432	HGG
BS_MG78HQDM	450	2	52	54	0.12	HGG
BS_MH8RAG4A	1292	13	63	76	0.0588235294117647	MB
BS_MJKKGY95	2265	17	14	31	0.0136865342163355	CPG
BS_MKM0EEN1	1963	17	57	74	0.0376974019358125	HGG
BS_MKP2Y41Z	1787	16	9	25	0.0139899272523783	EPN
BS_MMNRZ1EQ	1906	15	19	34	0.0178384050367261	ATRT
BS_MN5XVP5A	2326	15	11	26	0.0111779879621668	HGG
BS_MPZ6PKW8	894	28	21	49	0.0548098434004474	EPN
BS_MQCKXD60	984	43	85	128	0.130081300813008	EPN
BS_MT15SGJN	549	14	2	16	0.029143897996357	EPN
BS_MV6ASWV9	1911	17	12	29	0.0151753008895866	ATRT
BS_MVW01FPB	2382	3	11	14	0.00587741393786734	ATRT
BS_MWWZBQ60	2182	13	11	24	0.0109990834097159	HGG
BS_MX92FD6D	1789	14	5	19	0.0106204583566238	LGG
BS_MY9D8XZ1	1619	9	2	11	0.00679431747992588	LGG
BS_N0877CX1	1943	21	37	58	0.0298507462686567	ATRT
BS_N1E0H8YQ	2429	8	6	14	0.00576368876080692	LGG
BS_N1R1VSAG	1252	45	6	51	0.0407348242811502	MB
BS_N210XMKR	1631	15	9	24	0.0147148988350705	LGG
BS_N4B1SZZH	2329	6	11	17	0.0072992700729927	MB
BS_N51EV5FZ	505	49	17	66	0.130693069306931	HGG
BS_N5B2CZMH	1871	28	32	60	0.0320684126135756	LGG
BS_N5DVEJXT	2397	6	6	12	0.00500625782227785	EPN
BS_N5NA83D2	1696	39	104	143	0.0843160377358491	HGG
BS_N6NE6B3W	3208	13	22	35	0.0109102244389027	LGG
BS_N6TQBQ8M	1009	30	14	44	0.043607532210109	HGG
BS_N7SW36FD	917	36	14	50	0.054525627044711	HGG
BS_N7VQ1GQB	1040	62	16	78	0.075	HGG
BS_N87X1T8T	1603	54	27	81	0.0505302557704304	LGG
BS_N8J1DP02	2343	21	11	32	0.0136577037985489	EPN
BS_N9C2500H	827	27	10	37	0.0447400241837969	MB
BS_NB5XWMJT	1945	14	4	18	0.00925449871465296	LGG
BS_NB9XXBW6	1517	3	4	7	0.004614370468029	HGG
BS_NBZNAG7Q	1961	9	86	95	0.0484446710861805	LGG
BS_NEFAASTR	1684	39	54	93	0.0552256532066508	HGG
BS_NEVYM2FP	1707	2	2	4	0.00234329232571763	HGG
BS_NFJPYMET	1363	88	22	110	0.0807043286867205	EPN
BS_NFKKDYSV	1000	38	13	51	0.051	HGG
BS_NG9X6SJA	1460	20	11	31	0.0212328767123288	LGG
BS_NGHK9RZP	1795	9	4	13	0.00724233983286908	EPN
BS_NGSG2KB6	2342	14	15	29	0.0123825789923143	HGG
BS_NGY0TE6S	1913	18	12	30	0.0156821745948772	CPG
BS_NH7K4CD9	1949	32	160	192	0.0985120574653669	EPN
BS_NJ19NGVS	880	17	6	23	0.0261363636363636	EPN
BS_NKCEJ5YG	1172	70	100	170	0.145051194539249	MB
BS_NKEAAFMW	2499	8	15	23	0.00920368147258904	MB
BS_NKRYMHEP	2352	16	11	27	0.0114795918367347	MB
BS_NKWZZSTY	414	76	66	142	0.342995169082126	HGG
BS_NNPEC7W1	2058	32	174	206	0.100097181729835	HGG
BS_NNYXMSTX	981	20	5	25	0.0254841997961264	HGG
BS_NPA6CZQF	1420	10	9	19	0.0133802816901408	HGG
BS_NQ54ST98	2168	33	24	57	0.0262915129151292	HGG
BS_NQB91P48	2227	6	6	12	0.00538841490794791	LGG
BS_NR3P3GN2	1899	6	5	11	0.00579252238020011	HGG
BS_NRFQEQKP	1927	2	4	6	0.00311364815775817	LGG
BS_NRPG5K4K	3384	7	8	15	0.00443262411347518	LGG
BS_NS7GSHB9	1832	4	2	6	0.00327510917030568	LGG
BS_NT9NZYFD	2422	4	8	12	0.00495458298926507	GNG
BS_NTG278B6	1180	24	1	25	0.0211864406779661	ATRT
BS_NVYZW8RR	1023	13	4	17	0.0166177908113392	CPG
BS_NWNB68G0	468	40	17	57	0.121794871794872	LGG
BS_NWNTY3FZ	806	30	18	48	0.0595533498759305	EPN
BS_NX1R0BC3	1633	9	11	20	0.0122473974280465	HGG
BS_NXC3W5MZ	1180	31	20	51	0.0432203389830508	MB
BS_NY5T05AK	729	17	13	30	0.0411522633744856	LGG
BS_NYS8TRCB	2281	7	3	10	0.00438404208680403	LGG
BS_NZ71XCG3	2649	7	27	34	0.0128350320875802	MB
BS_P277RYX5	1776	15	10	25	0.0140765765765766	GNG
BS_P2Y2NANM	1230	22	3	25	0.0203252032520325	LGG
BS_P412CPXJ	632	53	45	98	0.155063291139241	LGG
BS_P4PMWFMV	1009	16	12	28	0.0277502477700694	HGG
BS_P5KE73DA	1238	9	6	15	0.0121163166397415	ATRT
BS_P78SMRBS	2108	9	9	18	0.00853889943074004	EPN
BS_P7A4C235	1066	22	11	33	0.0309568480300188	EPN
BS_P7EY9DXG	1932	18	8	26	0.0134575569358178	ATRT
BS_P7W3AYKV	1786	20	71	91	0.0509518477043673	HGG
BS_PAK40AMT	1318	31	9	40	0.0303490136570561	MB
BS_PC107GE3	2350	24	13	37	0.0157446808510638	MB
BS_PDVD0GCM	807	27	14	41	0.0508054522924411	LGG
BS_PENM28KT	797	1	51	52	0.0652446675031368	HGG
BS_PEP9NZXN	2474	3	3	6	0.00242522231204527	LGG
BS_PGD4HRWM	1974	66	180	246	0.124620060790274	HGG
BS_PGHK1JRW	2046	16	21	37	0.0180840664711632	ATRT
BS_PJ1T8CQR	1677	25	32	57	0.0339892665474061	HGG
BS_PJC6FH4Y	1443	4	21	25	0.0173250173250173	HGG
BS_PJPGVD62	1804	30	45	75	0.0415742793791574	EPN
BS_PJTQHTRA	1477	35	16	51	0.034529451591063	EPN
BS_PK18H7E7	2566	5	8	13	0.00506625097427903	LGG
BS_PKW05VZV	1934	10	7	17	0.00879007238883144	GNG
BS_PN2CE34A	2409	27	163	190	0.078870900788709	LGG
BS_PPGGE3AN	1151	20	7	27	0.0234578627280626	MB
BS_PPV5073N	1511	29	38	67	0.0443414956982131	ATRT
BS_PQ7CQFYR	1643	16	58	74	0.0450395617772368	GNG
BS_PQVTB6BB	2437	3	13	16	0.00656544932293804	HGG
BS_PRAEF32W	1231	15	5	20	0.016246953696182	EPN
BS_PRCG6W20	804	30	9	39	0.0485074626865672	LGG
BS_PRR8K9GE	1969	11	5	16	0.00812595226003047	CPG
BS_PS0P3QJ3	466	24	23	47	0.100858369098712	HGG
BS_PSW27ZTE	1919	11	9	20	0.0104220948410631	EPN
BS_PWDRF91N	1932	10	18	28	0.0144927536231884	LGG
BS_PXCPK5XS	1858	4	6	10	0.00538213132400431	HGG
BS_PZVHMSYN	1868	31	99	130	0.069593147751606	HGG
BS_Q06J3RYW	1969	28	56	84	0.04266124936516	HGG
BS_Q13FQ8FV	347	25	105	130	0.37463976945245	HGG
BS_Q2PBFNDF	851	31	13	44	0.0517038777908343	LGG
BS_Q35GFYDR	1344	59	71	130	0.0967261904761905	HGG
BS_Q3TBCK4V	1923	4	3	7	0.00364014560582423	LGG
BS_Q5Q81SPA	1522	6	1	7	0.00459921156373193	EPN
BS_Q5WZYWCT	2065	53	17	70	0.0338983050847458	EPN
BS_Q6VH5GJ8	1540	42	12	54	0.0350649350649351	LGG
BS_Q79NP5YY	1824	5	1	6	0.00328947368421053	LGG
BS_Q7WNW1AS	1042	19	7	26	0.0249520153550864	LGG
BS_Q9N5PRD5	853	40	79	119	0.139507620164127	HGG
BS_QB84TBA3	2192	60	314	374	0.170620437956204	HGG
BS_QBMW69AM	1798	91	39	130	0.0723025583982203	LGG
BS_QC3XCE6X	2385	3	11	14	0.00587002096436059	LGG
BS_QE6F8DQW	1819	144	65	209	0.114898295766905	MB
BS_QEYPFYHD	3692	13	32	45	0.0121885157096425	MB
BS_QF1FGWVF	1345	38	28	66	0.0490706319702602	LGG
BS_QF5VVZX5	1479	24	16	40	0.0270453008789723	GNG
BS_QGKEP3KB	1414	83	44	127	0.0898161244695898	HGG
BS_QH82PBMB	1887	15	4	19	0.0100688924218336	LGG
BS_QMBS32Y2	1176	16	10	26	0.022108843537415	HGG
BS_QMSNG9QV	121	24	22	46	0.380165289256198	CPG
BS_QNNX91SM	1856	6	10	16	0.00862068965517241	HGG
BS_QPPPGYP4	1779	19	19	38	0.0213603147835863	MB
BS_QQE8MWWV	1187	96	35	131	0.110362257792755	LGG
BS_QRDT19KS	2507	9	35	44	0.0175508575987236	MB
BS_QRNSKFMS	2010	15	5	20	0.00995024875621891	LGG
BS_QTMN8HYC	1020	39	12	51	0.05	LGG
BS_QTSXW7DA	2104	5	2	7	0.00332699619771863	LGG
BS_QV51J756	2237	6	12	18	0.00804649083594099	GNG
BS_QWTE1CWR	2495	8	5	13	0.00521042084168337	HGG
BS_QX12J6W1	2180	6	4	10	0.00458715596330275	ATRT
BS_QXKRN6CR	896	20	6	26	0.0290178571428571	EPN
BS_QY2G1JZJ	1817	6	7	13	0.00715465052283985	HGG
BS_QYA4TQXX	1719	135	141	276	0.160558464223386	HGG
BS_QZAR0AB5	1966	25	48	73	0.0371312309257375	EPN
BS_R13X6TMW	2124	4	9	13	0.00612052730696798	LGG
BS_R244Z0WX	2041	22	17	39	0.0191082802547771	LGG
BS_R3AJB6VS	2620	54	29	83	0.0316793893129771	LGG
BS_R439VVPK	2371	6	21	27	0.0113876001687052	MB
BS_R5JQE0VJ	1213	30	18	48	0.0395713107996702	HGG
BS_R5SNFB5B	2137	18	17	35	0.0163781001403837	HGG
BS_R6WNEEE4	2055	12	5	17	0.00827250608272506	MB
BS_R7HZCZ8B	2233	12	2	14	0.00626959247648903	CPG
BS_R7NTZR4C	1772	4	6	10	0.00564334085778781	HGG
BS_R7V8BC98	1791	23	5	28	0.0156337241764377	LGG
BS_R81XA0F9	554	24	19	43	0.0776173285198556	LGG
BS_R8ZAB797	2380	23	22	45	0.0189075630252101	HGG
BS_R9B92M75	1966	4	2	6	0.00305188199389624	HGG
BS_R9CKW9DY	2565	46	31	77	0.0300194931773879	LGG
BS_RARBBY7C	1147	63	29	92	0.0802092414995641	LGG
BS_RC8E5TVQ	564	28	14	42	0.074468085106383	LGG
BS_RCC8BXVE	2178	10	12	22	0.0101010101010101	MB
BS_RCFQ31XF	1454	6	8	14	0.00962861072902338	EPN
BS_RCX5628Q	1267	13	10	23	0.0181531176006314	MB
BS_RD4D5F9F	2141	4	3	7	0.00326950023353573	MB
BS_RE4X3715	1786	26	6	32	0.0179171332586786	MB
BS_REVS37G8	496	43	11	54	0.108870967741935	ATRT
BS_RFC6CATQ	1540	31	36	67	0.0435064935064935	HGG
BS_RFMQ7T0T	2793	3	8	11	0.00393841747225206	CPG
BS_RGPSEMHC	1379	9	15	24	0.0174039158810732	EPN
BS_RGQH7K0C	2258	25	17	42	0.0186005314437555	MB
BS_RGSMX7QD	1646	11	5	16	0.00972053462940462	GNG
BS_RHAWQJ48	1769	19	204	223	0.126059920859243	HGG
BS_RHD7XPNP	2247	7	9	16	0.00712060525144637	EPN
BS_RHM60031	1560	33	29	62	0.0397435897435897	HGG
BS_RJC3WDD6	2248	28	111	139	0.0618327402135231	HGG
BS_RKRWCBJT	1664	46	43	89	0.0534855769230769	MB
BS_RMT7ABN6	1369	9	5	14	0.0102264426588751	LGG
BS_RN0VAY51	1813	7	14	21	0.0115830115830116	HGG
BS_RN36XFYH	1597	30	9	39	0.0244207889793363	MB
BS_RNANA568	2707	44	16	60	0.0221647580347248	LGG
BS_RPF3Z9P9	1660	13	7	20	0.0120481927710843	MB
BS_RPH4DCMK	1210	35	26	61	0.0504132231404959	HGG
BS_RPJ1EPHA	1014	16	8	24	0.0236686390532544	LGG
BS_RPKA4GF9	803	28	14	42	0.0523038605230386	GNG
BS_RPZQQM2D	433	43	20	63	0.145496535796767	LGG
BS_RQTTCJ29	723	96	36	132	0.182572614107884	HGG
BS_RRAEQZ97	2180	11	3	14	0.00642201834862385	LGG
BS_RSTH763S	1900	42	21	63	0.0331578947368421	MB
BS_RVSEDNJ4	1667	18	4	22	0.0131973605278944	GNG
BS_RWJZFTP9	2411	8	2	10	0.00414765657403567	LGG
BS_RX1YTZ7F	1473	3	4	7	0.00475220638153428	HGG
BS_RXN5T5YT	1850	18	20	38	0.0205405405405405	HGG
BS_RYRWBV7K	1987	26	14	40	0.0201308505284348	MB
BS_RYZG8SPC	1131	18	15	33	0.0291777188328912	LGG
BS_S0175QKX	2384	8	7	15	0.00629194630872483	EPN
BS_S1KK7XRH	2385	1	1	2	0.000838574423480084	LGG
BS_S1M423AB	2579	3	55	58	0.0224893369523071	MB
BS_S1W53RNW	938	58	12	70	0.0746268656716418	CPG
BS_S20SP0WW	1585	10	14	24	0.0151419558359621	HGG
BS_S2TA8R29	1938	7	5	12	0.00619195046439629	HGG
BS_S3MET0JZ	1262	10	56	66	0.05229793977813	HGG
BS_S50KQEXV	1455	19	5	24	0.0164948453608247	LGG
BS_S56VRTCE	1503	21	15	36	0.0239520958083832	EPN
BS_S5P8VTN5	2003	6	6	12	0.00599101347978033	HGG
BS_S69QZAJR	2501	11	20	31	0.0123950419832067	MB
BS_S6B9DVNS	910	13	86	99	0.108791208791209	HGG
BS_S6NJRR5W	2015	34	8	42	0.0208436724565757	CPG
BS_S6S7SK3P	2080	65	185	250	0.120192307692308	HGG
BS_S71RJ8DH	2059	4	18	22	0.0106847984458475	ATRT
BS_S7CZY2CH	1882	6	8	14	0.00743889479277365	LGG
BS_S8K878T3	1750	16	20	36	0.0205714285714286	HGG
BS_S97F1ZY3	568	20	15	35	0.0616197183098592	MB
BS_S9929Z8B	2004	10	7	17	0.00848303393213573	GNG
BS_SA8BT7AR	1247	10	11	21	0.0168404170008019	MB
BS_SAA624A4	547	41	27	68	0.124314442413163	EPN
BS_SB12W1XT	2281	27	15	42	0.0184129767645769	HGG
BS_SBMAM00V	1529	52	124	176	0.115107913669065	HGG
BS_SBMCD7XZ	896	65	15	80	0.0892857142857143	HGG
BS_SD0EMK7Y	1750	16	63	79	0.0451428571428571	HGG
BS_SD8YBRBR	2896	48	416	464	0.160220994475138	HGG
BS_SDA4RMMG	2131	8	6	14	0.00656968559361802	LGG
BS_SDCNP7MW	1633	13	8	21	0.0128597672994489	EPN
BS_SDZY6RZ3	1677	14	3	17	0.0101371496720334	LGG
BS_SERDGASJ	1588	10	6	16	0.0100755667506297	HGG
BS_SFKZSJN1	2263	4	7	11	0.00486080424215643	LGG
BS_SH2S6SFN	675	23	7	30	0.0444444444444444	LGG
BS_SHMC4902	2282	1	4	5	0.00219106047326906	LGG
BS_SJ0HXCD0	428	71	32	103	0.240654205607477	LGG
BS_SKGJ5SY9	2429	12	12	24	0.00988060930424043	MB
BS_SNE31RRX	402	20	9	29	0.0721393034825871	LGG
BS_SNQ9QFPA	1533	8	17	25	0.0163078930202218	ATRT
BS_SNVM7CZT	1186	4	5	9	0.0075885328836425	HGG
BS_SQERZ97M	917	29	10	39	0.0425299890948746	LGG
BS_SQX5E15Z	2429	5	3	8	0.00329353643474681	LGG
BS_SR2M85RQ	1378	24	8	32	0.02322206095791	MB
BS_SR2RGDXJ	1126	83	42	125	0.11101243339254	HGG
BS_SSDK1WW1	1028	31	13	44	0.0428015564202335	CPG
BS_SV3YAAC1	555	42	15	57	0.102702702702703	EPN
BS_SVBQN72V	604	22	8	30	0.0496688741721854	EPN
BS_SW6YC2DG	319	26	10	36	0.112852664576803	GNG
BS_SW8C9Y5Y	1188	29	12	41	0.0345117845117845	GNG
BS_SW9Z10F9	1959	109	45	154	0.0786115364982134	HGG
BS_SWRH6FKE	2918	36	40	76	0.026045236463331	MB
BS_SX56QZRD	1021	60	20	80	0.0783545543584721	ATRT
BS_SXCZ3CXN	2318	20	8	28	0.0120793787748059	EPN
BS_SXRS2P6T	2257	2	3	5	0.00221533008418254	LGG
BS_SY3J3XR9	981	14	84	98	0.0998980632008155	HGG
BS_T0MXH2CA	1023	8	7	15	0.0146627565982405	LGG
BS_T0RKFEKR	1724	4	2	6	0.00348027842227378	LGG
BS_T11NFKSD	586	38	15	53	0.0904436860068259	LGG
BS_T1DVKKJB	2259	10	23	33	0.0146082337317397	EPN
BS_T1QMEH1N	1170	16	5	21	0.0179487179487179	CPG
BS_T1W4JA94	1657	6	4	10	0.00603500301750151	LGG
BS_T1YHK6B7	2074	18	51	69	0.0332690453230473	HGG
BS_T289QKBV	1313	32	12	44	0.0335110434120335	HGG
BS_T2F48Z4E	1836	43	31	74	0.0403050108932462	HGG
BS_T2QPMZCM	2179	5	10	15	0.00688389169343736	LGG
BS_T3DGY9J9	1265	8	1	9	0.00711462450592885	HGG
BS_T3H5AY8A	2019	22	9	31	0.0153541357107479	LGG
BS_T4JFN54G	1222	12	6	18	0.0147299509001637	LGG
BS_T4P3J13C	2242	3	5	8	0.00356824264049955	EPN
BS_T55Y4Z0Y	1998	5	7	12	0.00600600600600601	LGG
BS_T5P5ME9M	1138	53	16	69	0.0606326889279438	LGG
BS_T9A8JJW5	644	8	22	30	0.046583850931677	HGG
BS_TA4657N3	503	33	11	44	0.0874751491053678	CPG
BS_TA4JQD4N	1035	30	13	43	0.0415458937198068	CPG
BS_TA9WP4TH	2063	31	21	52	0.0252060106640814	MB
BS_TBBZ93A5	1285	102	275	377	0.293385214007782	ATRT
BS_TBWYAFSM	2247	12	8	20	0.00890075656430797	EPN
BS_TCWW2GSK	1047	16	9	25	0.0238777459407832	EPN
BS_TDJXQBVY	549	35	23	58	0.105646630236794	LGG
BS_TE0GVDNG	1636	13	29	42	0.0256723716381418	MB
BS_TF8R864V	1098	47	27	74	0.0673952641165756	EPN
BS_TG93XC55	2520	16	28	44	0.0174603174603175	GNG
BS_TGS109T3	1934	9	7	16	0.00827300930713547	HGG
BS_TM9MH0RP	2038	5	8	13	0.00637880274779195	HGG
BS_TMTV769C	1960	5	3	8	0.00408163265306122	LGG
BS_TNDYEP8Z	1256	31	18	49	0.0390127388535032	CPG
BS_TNRHHYNC	2195	28	11	39	0.0177676537585421	EPN
BS_TR2P8KRF	941	6	16	22	0.0233793836344315	HGG
BS_TRKH2SPE	2461	17	22	39	0.0158472165786266	HGG
BS_TRPXB3AV	2071	25	42	67	0.0323515210043457	HGG
BS_TRZZRYKF	1121	21	7	28	0.0249776984834969	LGG
BS_TTDNZTZ0	1192	25	19	44	0.0369127516778524	HGG
BS_TTE04ZP8	1867	6	20	26	0.013926084627745	HGG
BS_TV5B86ZD	1086	14	12	26	0.0239410681399632	HGG
BS_TV80600R	1122	70	21	91	0.0811051693404635	LGG
BS_TVH33J9Q	598	11	28	39	0.0652173913043478	HGG
BS_TVV122JG	998	15	7	22	0.0220440881763527	LGG
BS_TW8DQH8J	873	4	7	11	0.0126002290950745	MB
BS_TWFDEMBZ	1018	12	3	15	0.0147347740667976	LGG
BS_TX31A8Z9	914	55	30	85	0.0929978118161926	CPG
BS_TXY8QYWA	2051	19	4	23	0.0112140419307655	EPN
BS_TXZ7KHTQ	1008	13	13	26	0.0257936507936508	HGG
BS_TYAYZ9ZW	2127	4	12	16	0.0075223319228961	MB
BS_TZ5D0A7R	2353	2	7	9	0.00382490437739057	EPN
BS_TZVFR600	1833	16	27	43	0.0234588106928532	MB
BS_V036JAV6	817	58	27	85	0.104039167686659	LGG
BS_V0DQFC75	913	55	83	138	0.151150054764513	HGG
BS_V11VZZH8	806	52	18	70	0.086848635235732	LGG
BS_V1J03963	874	43	11	54	0.0617848970251716	GNG
BS_V2G1YE8R	959	60	36	96	0.100104275286757	LGG
BS_V33RCK1Y	853	15	8	23	0.0269636576787808	LGG
BS_V3REENH9	866	5	6	11	0.01270207852194	LGG
BS_V3Z3DB4N	2622	5	1	6	0.0022883295194508	HGG
BS_V4D4YPV1	1678	28	6	34	0.0202622169249106	EPN
BS_V4W81SFC	2288	16	1	17	0.00743006993006993	EPN
BS_V4XCTG09	690	36	14	50	0.072463768115942	GNG
BS_V558NW3Q	1948	10	35	45	0.0231006160164271	HGG
BS_V6GNQ198	341	22	13	35	0.102639296187683	CPG
BS_V6RSB5HQ	1688	107	69	176	0.104265402843602	HGG
BS_V72GX2AZ	1589	11	1	12	0.00755191944619257	LGG
BS_V72H4RQS	1871	16	17	33	0.0176376269374666	MB
BS_V7BJM89K	2375	7	67	74	0.0311578947368421	LGG
BS_V7BZ049H	865	14	8	22	0.0254335260115607	LGG
BS_V7GAAQHJ	309	23	15	38	0.122977346278317	HGG
BS_V86F5SDJ	1664	24	13	37	0.0222355769230769	CPG
BS_V89HGTET	2147	4	6	10	0.00465766185374942	LGG
BS_V8QWBVS3	2288	59	24	83	0.0362762237762238	HGG
BS_V92ZMBXX	1460	6	45	51	0.0349315068493151	HGG
BS_V9HVBBDW	2520	11	31	42	0.0166666666666667	MB
BS_VA5T4KAA	2190	9	7	16	0.00730593607305936	MB
BS_VAAHBH60	1957	12	115	127	0.0648952478283086	EPN
BS_VBEY9DVY	641	54	22	76	0.118564742589704	LGG
BS_VBFKFYAP	1549	29	6	35	0.0225952227243383	CPG
BS_VBMRQK4F	1927	8	55	63	0.0326933056564608	HGG
BS_VF3NVT4G	1751	7	16	23	0.0131353512278698	HGG
BS_VF5XWFXD	2313	5	12	17	0.00734976221357544	HGG
BS_VJ2S5DVS	2182	10	27	37	0.0169569202566453	EPN
BS_VJVDJABP	2023	13	9	22	0.0108749382105783	MB
BS_VKHJG2B8	1880	16	23	39	0.0207446808510638	HGG
BS_VKYEM67A	2410	17	39	56	0.0232365145228216	HGG
BS_VMEX27TN	2191	5	28	33	0.0150616157005933	MB
BS_VMMJYN8Z	2564	5	8	13	0.00507020280811232	GNG
BS_VMQMGSJY	2288	8	3	11	0.00480769230769231	HGG
BS_VNK9XYV9	2063	5	7	12	0.0058167716917111	CPG
BS_VP3C8WZT	1823	4	4	8	0.00438837081733406	LGG
BS_VP5Y45Z7	1916	7	4	11	0.00574112734864301	LGG
BS_VPBMDMQX	2363	6	41	47	0.0198899703766399	MB
BS_VPMKHW9X	1781	20	21	41	0.0230207748455924	CPG
BS_VQCCYTM5	1571	31	8	39	0.0248249522597072	MB
BS_VR7FR1NE	1817	6	2	8	0.00440286186020914	LGG
BS_VSSBS981	1834	85	42	127	0.069247546346783	LGG
BS_VT6C6N6K	1950	8	10	18	0.00923076923076923	MB
BS_VVFBW0YH	1992	9	38	47	0.0235943775100402	MB
BS_VVTHDRBD	1849	14	7	21	0.0113574905354246	HGG
BS_VXMYES3W	916	45	29	74	0.0807860262008734	MB
BS_VZJ7403W	1406	75	45	120	0.085348506401138	HGG
BS_VZWXGYT2	631	69	41	110	0.1743264659271	LGG
BS_W0FZ9YCY	715	35	10	45	0.0629370629370629	MB
BS_W1385R8Y	1679	19	14	33	0.0196545562835021	HGG
BS_W311713R	1938	24	51	75	0.0386996904024768	MB
BS_W4DB5RP1	1915	39	186	225	0.117493472584856	HGG
BS_W4H1D4Y6	1740	11	12	23	0.0132183908045977	HGG
BS_W4HGV6E7	3025	15	13	28	0.00925619834710744	LGG
BS_W568T9CS	1386	33	13	46	0.0331890331890332	EPN
BS_W7379M7V	1916	14	74	88	0.0459290187891441	MB
BS_W7MFJZ5A	1740	4	5	9	0.00517241379310345	HGG
BS_W80TJC27	766	7	2	9	0.0117493472584856	EPN
BS_W97QQYKQ	2377	7	10	17	0.00715187210769878	GNG
BS_W9AT0MR7	2085	17	27	44	0.0211031175059952	MB
BS_W9N9844Q	2725	8	6	14	0.00513761467889908	HGG
BS_WAXJY4XQ	1806	21	6	27	0.0149501661129568	HGG
BS_WBPTY8NH	1938	17	11	28	0.0144478844169247	HGG
BS_WBVSK3MP	892	7	63	70	0.07847533632287	HGG
BS_WCRKYV0T	2053	24	24	48	0.0233804188991719	LGG
BS_WEKK6SHP	1031	84	104	188	0.182347235693501	HGG
BS_WERNRP82	139	21	9	30	0.215827338129496	GNG
BS_WETH5SAH	854	11	3	14	0.0163934426229508	EPN
BS_WF04GGTX	1657	33	8	41	0.0247435123717562	MB
BS_WFD0GE5X	2158	9	9	18	0.00834105653382762	EPN
BS_WFN6BS0T	609	54	31	85	0.139573070607553	HGG
BS_WFQT9J8Q	374	62	32	94	0.251336898395722	EPN
BS_WGK8ZMVA	1921	3	3	6	0.00312337324310255	EPN
BS_WH5HDE0A	2618	5	15	20	0.00763941940412529	MB
BS_WH8G4VFB	1787	89	409	498	0.278679350867375	HGG
BS_WHBEXD5H	1465	33	36	69	0.047098976109215	HGG
BS_WK0FA4W7	583	42	29	71	0.121783876500858	HGG
BS_WQ0K79EA	814	53	26	79	0.097051597051597	EPN
BS_WQ1YRTAT	2679	35	192	227	0.0847331093691676	HGG
BS_WQ5FDHF8	2181	86	21	107	0.0490600641907382	EPN
BS_WRHDP7WF	3005	2	4	6	0.00199667221297837	EPN
BS_WRQHPSXQ	2209	3	7	10	0.00452693526482571	GNG
BS_WRQM11XH	1053	62	39	101	0.0959164292497626	MB
BS_WTJEDTZC	690	49	13	62	0.0898550724637681	HGG
BS_WV0S8N4M	2359	6	7	13	0.00551080966511234	ATRT
BS_WVRX4C9Z	1820	8	18	26	0.0142857142857143	LGG
BS_WVW3W6ZB	1821	9	8	17	0.00933552992861065	ATRT
BS_WWKNJSJ5	2632	15	184	199	0.0756079027355623	ATRT
BS_WYERXS4G	744	18	6	24	0.032258064516129	EPN
BS_WYMX429C	1231	27	6	33	0.0268074735987002	LGG
BS_WZZN982T	881	88	50	138	0.156640181611805	MB
BS_X0F9AYEC	2249	8	9	17	0.00755891507336594	LGG
BS_X0XXN9BK	1980	6	13	19	0.0095959595959596	HGG
BS_X16PENSA	2408	4	4	8	0.00332225913621262	LGG
BS_X1S67ZEA	1679	14	4	18	0.0107206670637284	EPN
BS_X20JCR4H	2354	12	44	56	0.0237892948173322	HGG
BS_X23724NJ	2733	6	13	19	0.00695206732528357	HGG
BS_X2EDW2ZB	1536	31	14	45	0.029296875	GNG
BS_X31DBRN7	754	59	21	80	0.106100795755968	CPG
BS_X3HR4Z21	1600	33	11	44	0.0275	HGG
BS_X4DD4KSZ	2476	2	4	6	0.0024232633279483	HGG
BS_X4X1SFSE	1148	9	14	23	0.0200348432055749	HGG
BS_X56KVW29	470	47	14	61	0.129787234042553	MB
BS_X59HSFGG	1942	7	3	10	0.00514933058702369	LGG
BS_X5DFR216	695	47	17	64	0.0920863309352518	LGG
BS_X67GTEM6	2092	7	7	14	0.00669216061185468	EPN
BS_X6GFVDVA	1196	17	9	26	0.0217391304347826	LGG
BS_X91K8KMG	1713	9	6	15	0.00875656742556918	LGG
BS_X9EGD530	2064	9	12	21	0.0101744186046512	LGG
BS_XC0PNBG2	2196	22	16	38	0.017304189435337	MB
BS_XF0ZX2B3	959	10	3	13	0.013555787278415	EPN
BS_XG0DBWVT	2348	5	33	38	0.0161839863713799	HGG
BS_XGDPK33A	3243	7	19	26	0.0080172679617638	HGG
BS_XGSA3GQE	2119	3	4	7	0.00330344502123643	LGG
BS_XHCYEE2S	2604	5	13	18	0.00691244239631336	CPG
BS_XKKB4MZV	1797	9	16	25	0.0139120756816917	LGG
BS_XM1AHBDJ	749	51	19	70	0.0934579439252336	HGG
BS_XNWNXKAD	1617	28	18	46	0.028447742733457	MB
BS_XPBEHJ77	398	44	33	77	0.193467336683417	EPN
BS_XQ5SFW35	1800	5	8	13	0.00722222222222222	HGG
BS_XQYHPBFS	1944	15	16	31	0.0159465020576132	EPN
BS_XTH0NPVQ	454	28	44	72	0.158590308370044	HGG
BS_XV4GV9Y9	1556	74	25	99	0.0636246786632391	LGG
BS_XVX21VNP	1783	64	314	378	0.212002243409983	MB
BS_XX39AH8F	389	51	26	77	0.197943444730077	LGG
BS_XYVCMF4A	932	120	86	206	0.221030042918455	HGG
BS_XZM79E42	1408	17	9	26	0.0184659090909091	HGG
BS_Y0PCBNJV	2125		3	3	0.00141176470588235	LGG
BS_Y274AC0H	1073	22	5	27	0.0251630941286114	LGG
BS_Y6D7QZM4	2266	80	22	102	0.0450132391879965	HGG
BS_Y7F9E2E9	2380	4	9	13	0.00546218487394958	LGG
BS_Y7H24JZG	1169	23	7	30	0.0256629597946963	GNG
BS_Y7W8BR6B	1627	49	19	68	0.0417947141979103	LGG
BS_Y89WNXXD	1268	22	13	35	0.027602523659306	MB
BS_Y8D1F5WW	2445	11	14	25	0.0102249488752556	MB
BS_YA0KMBRT	3270	12	50	62	0.018960244648318	HGG
BS_YA8RBGD8	2399	3	2	5	0.00208420175072947	LGG
BS_YASWHXJC	818	11	5	16	0.019559902200489	LGG
BS_YB1TNZMX	1733	26	179	205	0.118291979226774	CPG
BS_YBGXGEM3	1757	18	15	33	0.0187820147979511	LGG
BS_YBGZ4BRP	346	30	24	54	0.15606936416185	GNG
BS_YCREDZTJ	2281	13	7	20	0.00876808417360807	LGG
BS_YDEVMD24	1134	21	10	31	0.027336860670194	HGG
BS_YEB88D32	2032	8	50	58	0.0285433070866142	MB
BS_YEQVW4ND	1932	10	9	19	0.0098343685300207	LGG
BS_YETBN0RQ	2041	12	7	19	0.00930916217540421	MB
BS_YEW22W35	2085	6	9	15	0.00719424460431655	HGG
BS_YFKQYA50	1358	26	13	39	0.0287187039764359	ATRT
BS_YG0A13JH	1087	35	176	211	0.19411223551058	LGG
BS_YGWTGBWR	1976	11	34	45	0.0227732793522267	MB
BS_YH05F9DB	2012	14	9	23	0.0114314115308151	CPG
BS_YH817HDT	1096	19	19	38	0.0346715328467153	LGG
BS_YMAJC22S	2439	4	26	30	0.01230012300123	LGG
BS_YMKQT5V0	1813	15	45	60	0.0330943188086045	HGG
BS_YMKX1VP4	2800	83	49	132	0.0471428571428571	MB
BS_YQFX2Y00	1172	46	19	65	0.0554607508532423	EPN
BS_YR12D1ZY	1517	9	15	24	0.015820698747528	HGG
BS_YR1XY6SF	1665	22	6	28	0.0168168168168168	HGG
BS_YT4E515V	1708	42	10	52	0.0304449648711944	LGG
BS_YTMHB7J1	1811	22	177	199	0.109884041965765	MB
BS_YTTMKCBX	1690	28	7	35	0.0207100591715976	EPN
BS_YTWEM5SG	1942	6	19	25	0.0128733264675592	HGG
BS_YVEEXAAT	1032	119	66	185	0.179263565891473	LGG
BS_YVMEEBKC	2461	5	7	12	0.00487606663957741	LGG
BS_YWHJY99A	1757	12	17	29	0.016505406943654	MB
BS_YWJKHMXV	1592	17	8	25	0.0157035175879397	LGG
BS_YXP55JEG	1708	40	8	48	0.0281030444964871	MB
BS_YY5B2XDD	1782	16	7	23	0.0129068462401796	LGG
BS_YZ2QFDAN	2215	14	10	24	0.0108352144469526	HGG
BS_YZ2Z1Q6Y	1300	20	73	93	0.0715384615384615	LGG
BS_YZM9RFVD	1652	26	20	46	0.0278450363196126	EPN
BS_Z0AVVB1V	2210	4	10	14	0.00633484162895928	LGG
BS_Z0ZPD9S9	1135	53	20	73	0.0643171806167401	HGG
BS_Z1A875MW	2195	3	6	9	0.0041002277904328	LGG
BS_Z3RCA1T9	2660	3	12	15	0.0056390977443609	HGG
BS_Z45HD492	1930	5	21	26	0.0134715025906736	MB
BS_Z5ATH1YR	1060	79	29	108	0.10188679245283	LGG
BS_Z6BWR941	2366	4	1	5	0.00211327134404058	LGG
BS_Z7890YNR	2101	21	9	30	0.014278914802475	EPN
BS_Z7Y2466H	2144	2	5	7	0.00326492537313433	LGG
BS_Z8F3GM85	2224	14	8	22	0.00989208633093525	HGG
BS_Z8YZ6QGS	2226	2	8	10	0.00449236298292902	HGG
BS_Z9BBQBA7	1625	12	195	207	0.127384615384615	MB
BS_ZC1194Z8	581	47	17	64	0.110154905335628	EPN
BS_ZD5HN296	1454	6	3	9	0.0061898211829436	HGG
BS_ZDJEXPYG	2630	65	35	100	0.0380228136882129	MB
BS_ZEV0M416	1233	13	2	15	0.0121654501216545	ATRT
BS_ZF34SJGN	1901	8	14	22	0.011572856391373	CPG
BS_ZF6BSFNF	2064	10	8	18	0.00872093023255814	HGG
BS_ZHRGDRBW	2626	61	32	93	0.0354150799695354	GNG
BS_ZJC7VQNA	722	32	42	74	0.102493074792244	EPN
BS_ZJY7Y34M	1527	29	21	50	0.0327439423706614	GNG
BS_ZK6WE17T	2084	5	33	38	0.0182341650671785	GNG
BS_ZM97KKXE	2542	25	22	47	0.0184893784421715	HGG
BS_ZMZTCQRM	1103	133	76	209	0.189483227561197	MB
BS_ZRF3A49T	378	26	19	45	0.119047619047619	LGG
BS_ZRM0W01M	1863	9	14	23	0.0123456790123457	LGG
BS_ZT3QMF6F	352	41	22	63	0.178977272727273	HGG
BS_ZTWGFWTX	1679	12	7	19	0.01131625967838	LGG
BS_ZV1P6W9C	1886	18	16	34	0.0180275715800636	HGG
BS_ZV68CES9	2587	8	13	21	0.00811751063007344	MB
BS_ZV9Z3SY6	1964	9	6	15	0.00763747454175153	LGG
BS_ZVX2GRD6	1778	21	14	35	0.0196850393700787	LGG
BS_ZVZDDW2G	1916	3	3	6	0.00313152400835073	LGG
BS_ZWR9W4FX	2088	5	7	12	0.00574712643678161	CPG
BS_ZXYDSBM9	2337	12	14	26	0.0111253744116389	MB
BS_ZYBZRQRC	1480	19	7	26	0.0175675675675676	MB
BS_ZYVWSXNK	1101	38	6	44	0.0399636693914623	EPN
BS_ZZMYDZJW	2212	10	1	11	0.00497287522603978	LGG
BS_ZZWMD6FA	2444	2	3	5	0.00204582651391162	GNG
