Sample	Total	AS_neg	AS_pos	AS_total	SI	Histology
BS_00FD2KMP	2165	25	32	57	0.0263279445727483	HGG
BS_00W5QB9S	1081	20	10	30	0.0277520814061055	EPN
BS_014EVM2D	1803	7	8	15	0.00831946755407654	LGG
BS_028YFYJ6	1865	27	34	61	0.0327077747989276	HGG
BS_02NZT8CE	2116	4	8	12	0.0056710775047259	LGG
BS_03FT4S8B	3284	15	36	51	0.0155298416565164	CPG
BS_044XZ8ST	2738	10	19	29	0.0105916727538349	LGG
BS_052PZFMK	1125	5	3	8	0.00711111111111111	HGG
BS_056Q8577	1843	23	82	105	0.0569723277265328	HGG
BS_063ERW0R	2281	5	8	13	0.00569925471284524	LGG
BS_06AMMCXR	2572	7	15	22	0.00855365474339036	LGG
BS_07ANYSYQ	1847	6	8	14	0.00757985923118571	EPN
BS_08B376A6	2038	21	20	41	0.0201177625122669	MB
BS_08TWG4K0	919	9	4	13	0.014145810663765	HGG
BS_09Z7TC35	2556	16	29	45	0.0176056338028169	MB
BS_0BTXD5M6	2015	9	15	24	0.0119106699751861	MB
BS_0BXY0F9N	1790	8	18	26	0.0145251396648045	EPN
BS_0C00AYTE	1738	18	19	37	0.0212888377445339	HGG
BS_0C7VZC0A	2553	10	13	23	0.00900900900900901	HGG
BS_0D5VRAKC	718	64	43	107	0.149025069637883	LGG
BS_0EB67GB4	1714	18	23	41	0.0239206534422404	MB
BS_0HKNEFQC	1399	18	21	39	0.0278770550393138	MB
BS_0J9SHHSC	3013	16	25	41	0.0136076999668105	LGG
BS_0JAKSXQP	434	14	6	20	0.0460829493087558	LGG
BS_0Q71ZPDX	852	70	166	236	0.276995305164319	ATRT
BS_0QYS36NR	1794	7	13	20	0.0111482720178372	EPN
BS_0S8E7590	2170	23	42	65	0.0299539170506912	HGG
BS_0SCXXM6N	1718	3	4	7	0.00407450523864959	LGG
BS_0T17SY47	2657	14	28	42	0.0158073014678209	LGG
BS_0TDWG2CV	1892	11	12	23	0.0121564482029598	LGG
BS_0VXZCRJS	1607	4	3	7	0.00435594275046671	HGG
BS_0WQJP6ZG	789	1	5	6	0.00760456273764259	EPN
BS_0WVJYM9R	2603	11	8	19	0.0072992700729927	LGG
BS_0WZKC4JH	1202	57	27	84	0.0698835274542429	LGG
BS_0X9EGHY2	1434	10	19	29	0.0202231520223152	LGG
BS_0XEG6SNV	2876	20	93	113	0.0392906815020862	EPN
BS_0XHT9W4Q	2100	16	13	29	0.0138095238095238	HGG
BS_0Y5J2AQ4	1229	19	4	23	0.0187144019528072	LGG
BS_0Y66ZBWE	2328	11	11	22	0.00945017182130584	LGG
BS_0ZA67BBC	1715	4	2	6	0.00349854227405248	HGG
BS_10Z9BMZ7	1493	16	14	30	0.0200937709310114	MB
BS_12G04QJM	730	41	17	58	0.0794520547945206	HGG
BS_130PVKA7	204	16	12	28	0.137254901960784	LGG
BS_13CGKADW	2079	9	15	24	0.0115440115440115	LGG
BS_15ETQ0E4	1881	9	10	19	0.0101010101010101	ATRT
BS_166N7SZQ	910	16	8	24	0.0263736263736264	LGG
BS_16KA9ZAW	417	7		7	0.0167865707434053	LGG
BS_17WYVEEC	1594	4	4	8	0.00501882057716437	LGG
BS_17ZSMXFH	1168	11	35	46	0.0393835616438356	HGG
BS_18M3RHYN	2354	36	28	64	0.0271877655055225	EPN
BS_196BBNEJ	1943	6	11	17	0.00874935666495111	EPN
BS_19Z0ERYF	1709	11	12	23	0.013458162668227	MB
BS_1A6MQ9ZA	1103	4	2	6	0.00543970988213962	HGG
BS_1AYRM596	1782	12	10	22	0.0123456790123457	MB
BS_1BJNPHMD	2118	14	12	26	0.012275731822474	HGG
BS_1BWP5MCT	2496	11	102	113	0.0452724358974359	MB
BS_1D93Z575	2506	55	56	111	0.044293695131684	HGG
BS_1DECYC4K	1745	15	14	29	0.0166189111747851	LGG
BS_1DMAMKFZ	2074	27	24	51	0.0245901639344262	MB
BS_1DNQ1R02	1688	15	56	71	0.0420616113744076	HGG
BS_1EBQ3T20	2029	16	11	27	0.0133070478068014	HGG
BS_1EN5V3XW	2207	6	19	25	0.0113275940190304	HGG
BS_1G3WYEN3	2112	6	15	21	0.00994318181818182	LGG
BS_1HFK0SXV	1953	10	6	16	0.00819252432155658	CPG
BS_1HYS8CSC	909	13		13	0.0143014301430143	LGG
BS_1J2WQ08M	2596	9	20	29	0.011171032357473	EPN
BS_1JDG6JV5	2565	13	15	28	0.010916179337232	LGG
BS_1JNJ0NJ6	1290	21	10	31	0.024031007751938	CPG
BS_1N76FQZY	1389	17	7	24	0.0172786177105832	LGG
BS_1NPD7PVG	2035	7	12	19	0.00933660933660934	GNG
BS_1QNTEZPS	2322	5	12	17	0.00732127476313523	ATRT
BS_1QXEC43H	2496	14	21	35	0.0140224358974359	MB
BS_1RXZ3BP7	2233	12	9	21	0.00940438871473354	LGG
BS_1TWCV047	1959	13	28	41	0.0209290454313425	MB
BS_1VNMJHMN	1301	14	6	20	0.0153727901614143	LGG
BS_1XFFNFY0	1227	28	11	39	0.0317848410757946	EPN
BS_1Z2CNQEC	786	12	6	18	0.0229007633587786	MB
BS_1Z9AX9JS	643	14	2	16	0.0248833592534992	LGG
BS_1ZVXF5FE	1810	8	4	12	0.00662983425414365	LGG
BS_1ZWSD3YQ	1207	33	14	47	0.0389395194697597	MB
BS_21ET39G7	2618	7	17	24	0.00916730328495034	HGG
BS_21RE8W46	2482	13	62	75	0.0302175664786463	LGG
BS_21XGYWWV	2167	36	38	74	0.034148592524227	LGG
BS_22078RXH	895	18	13	31	0.0346368715083799	CPG
BS_22B80N9T	2008	22	93	115	0.0572709163346614	MB
BS_22QMSCFR	538	30	28	58	0.107806691449814	MB
BS_238MGRTM	980	24	15	39	0.0397959183673469	EPN
BS_23QW0BBA	1984	5	12	17	0.00856854838709677	HGG
BS_23W9EPFE	1693	31	47	78	0.0460720614294152	GNG
BS_24AHZ9ZW	2572	7	10	17	0.00660964230171073	LGG
BS_258RRGDM	1935	1	7	8	0.0041343669250646	GNG
BS_25KYGJ71	1186	20	16	36	0.03035413153457	HGG
BS_26H7DZD4	889	37	15	52	0.0584926884139483	MB
BS_2720P44V	1653	6	7	13	0.00786448880822747	LGG
BS_27FYYPJG	878	11	2	13	0.0148063781321185	GNG
BS_27QE6BV7	2084	7	17	24	0.0115163147792706	GNG
BS_2853394H	1733	23	25	48	0.0276976341604155	HGG
BS_297H8BT4	549	12	2	14	0.0255009107468124	HGG
BS_29CPJ040	2027	9	7	16	0.00789343857918106	LGG
BS_29TRQXWM	1368	12	5	17	0.0124269005847953	LGG
BS_29X4ZX6Q	2286	11	16	27	0.0118110236220472	HGG
BS_29YQ60CP	1810	58	133	191	0.105524861878453	MB
BS_2A5R9MEJ	2434	12	11	23	0.00944946589975349	HGG
BS_2ADZNNV4	1882	8	7	15	0.00797024442082891	LGG
BS_2AR3AP0N	2122	9	12	21	0.00989632422243167	GNG
BS_2ARXK0TD	1784	8	28	36	0.0201793721973094	HGG
BS_2AV1H5TV	245	25	19	44	0.179591836734694	HGG
BS_2CW8AGZ2	2056	56	34	90	0.0437743190661479	CPG
BS_2D1R9SBY	1275	66	46	112	0.087843137254902	GNG
BS_2E9VDD00	350	13	3	16	0.0457142857142857	LGG
BS_2EDZ7F2G	255	9	6	15	0.0588235294117647	HGG
BS_2EMW8ZG3	1685	9	6	15	0.00890207715133531	LGG
BS_2EN3X6HB	823	2	4	6	0.00729040097205346	HGG
BS_2FEZWH1F	1938	21	19	40	0.0206398348813209	HGG
BS_2G4EH95X	2046	19	21	40	0.0195503421309873	MB
BS_2GSAPE1R	310	25	7	32	0.103225806451613	HGG
BS_2HNXVFAS	2211	22	21	43	0.0194482134780642	HGG
BS_2JP7RBMB	2053	6	9	15	0.00730638090599123	HGG
BS_2K01T8K6	1513	8	8	16	0.0105750165234633	HGG
BS_2KJ2YAZR	2319	5	3	8	0.00344976282880552	LGG
BS_2M4174KG	1344	16	12	28	0.0208333333333333	MB
BS_2QCQYY6M	758	42	33	75	0.0989445910290237	GNG
BS_2R9HK6YY	1116	14	8	22	0.0197132616487455	LGG
BS_2R9TCR03	1764	5	9	14	0.00793650793650794	LGG
BS_2SFTWNVE	2834	15	17	32	0.0112914608327452	MB
BS_2T5PJAW8	733	26	6	32	0.043656207366985	HGG
BS_2WANPFBJ	1133	73	71	144	0.127096204766108	HGG
BS_2WPQ8YCW	1423	6	2	8	0.005621925509487	LGG
BS_2XM08BFY	1287	21	8	29	0.0225330225330225	LGG
BS_2YCJV2VV	1988	4	4	8	0.00402414486921529	LGG
BS_2Z1MKS84	2685	15	22	37	0.013780260707635	MB
BS_304SPN6B	1278	9	8	17	0.013302034428795	LGG
BS_30F3Z9FS	2205	21	57	78	0.0353741496598639	HGG
BS_30VC3R2Q	2135	4	6	10	0.00468384074941452	HGG
BS_30YWQ3FY	1397	38	64	102	0.0730136005726557	HGG
BS_31MBRWC4	1684	15	72	87	0.0516627078384798	HGG
BS_31TF0P1N	1218	17	12	29	0.0238095238095238	ATRT
BS_333KCNDP	1462	9	42	51	0.0348837209302326	HGG
BS_33AQSPRP	708	47	19	66	0.0932203389830508	LGG
BS_34201DKZ	2277	17	16	33	0.0144927536231884	EPN
BS_34CAMM62	1127	20	4	24	0.0212954747116238	MB
BS_397XFJY9	601	27	5	32	0.0532445923460899	MB
BS_399RPKC9	2245	4	5	9	0.00400890868596882	HGG
BS_3A9BTVZJ	1090	29	12	41	0.0376146788990826	EPN
BS_3AC3SRWH	319	10	8	18	0.0564263322884013	HGG
BS_3BVVWHP5	1894	13	10	23	0.0121436114044351	LGG
BS_3EVSN5QD	1660	10	6	16	0.00963855421686747	LGG
BS_3F5PR9GS	1973	7	10	17	0.00861632032437912	MB
BS_3G3KWY18	2103	11	5	16	0.00760817879220162	LGG
BS_3GAN6Q43	1538	57	31	88	0.0572171651495449	LGG
BS_3GDARCHK	1773	13	45	58	0.0327129159616469	CPG
BS_3HGBZBGA	523	24	10	34	0.0650095602294455	CPG
BS_3J89DCN0	291	9	93	102	0.350515463917526	HGG
BS_3MS8WVNR	2431	8	7	15	0.00617030028794735	HGG
BS_3MYEMXPQ	2020	13	18	31	0.0153465346534653	MB
BS_3N2YFZFB	1839	17	140	157	0.0853724850462208	MB
BS_3NQB12XN	2457	63	57	120	0.0488400488400488	EPN
BS_3NWQXPQV	2085	20	27	47	0.0225419664268585	MB
BS_3P20Q2C3	2462	12	19	31	0.012591389114541	LGG
BS_3PYESPHA	1761	7	20	27	0.0153321976149915	GNG
BS_3Q0GTSYH	1812	7	5	12	0.00662251655629139	LGG
BS_3RAM3K7B	2552	14	20	34	0.0133228840125392	MB
BS_3SZZ50WB	1377	25	7	32	0.0232389251997095	MB
BS_3TFMJH30	139	12	5	17	0.122302158273381	LGG
BS_3TJHY996	1476	13	10	23	0.0155826558265583	GNG
BS_3TQSE8HF	2255	11	12	23	0.01019955654102	LGG
BS_3V3KE3VT	2453	15	26	41	0.0167142274765593	MB
BS_3VJ0CA6A	1283	8	4	12	0.00935307872174591	LGG
BS_3W07B2TG	2330	7	15	22	0.00944206008583691	LGG
BS_3X9WMZGJ	1668	7	12	19	0.0113908872901679	EPN
BS_3XY76V8T	2226	9	7	16	0.00718778077268643	GNG
BS_3XYJBBHQ	1056	23	10	33	0.03125	HGG
BS_3Y2X2RBJ	2243	24	19	43	0.0191707534551939	LGG
BS_3ZPJAK9A	1706	30	27	57	0.033411488862837	HGG
BS_401R3KV0	2065	3	7	10	0.00484261501210654	LGG
BS_418N847Z	1769	20	19	39	0.0220463538722442	EPN
BS_41YS708B	2014	14	7	21	0.0104270109235353	CPG
BS_42DY6WS7	2319	4	6	10	0.0043122035360069	LGG
BS_42Y3YANN	2369	9	7	16	0.00675390460109751	LGG
BS_45J79YTF	1883	10	17	27	0.0143388210302708	HGG
BS_46MF83WA	1234	20	13	33	0.026742301458671	MB
BS_470DYRJQ	2166	6	5	11	0.00507848568790397	LGG
BS_474A88X1	305	17	5	22	0.0721311475409836	LGG
BS_478TN841	2140	6	14	20	0.00934579439252336	GNG
BS_47SJZ3PH	1638	4	3	7	0.00427350427350427	LGG
BS_49852ZBH	2626	9	17	26	0.0099009900990099	LGG
BS_49BQS7Z6	2343	5	14	19	0.00810926163038839	HGG
BS_49CJNZ06	2256	20	22	42	0.0186170212765957	HGG
BS_49FQXT2E	2198	4	11	15	0.00682438580527752	HGG
BS_4A45GGSW	2201	7	5	12	0.00545206724216265	LGG
BS_4B0BAVTX	2344	9	10	19	0.00810580204778157	HGG
BS_4BM3F6XJ	944	14	13	27	0.0286016949152542	HGG
BS_4BWB0FA0	1969	20	9	29	0.0147282884713052	LGG
BS_4C4MZ4NT	1865	1	6	7	0.00375335120643432	LGG
BS_4C6B11E4	1222	7	4	11	0.00900163666121113	HGG
BS_4CP4T22V	1811	16	13	29	0.0160132523467697	MB
BS_4CXE5XEP	1234	12	3	15	0.0121555915721232	LGG
BS_4D9DD103	2773	14	24	38	0.0137035701406419	MB
BS_4E1G7E3G	2440	48	158	206	0.0844262295081967	ATRT
BS_4EN8D8Y4	2169	13	14	27	0.012448132780083	LGG
BS_4FZS7TX4	1259	5	7	12	0.00953137410643368	EPN
BS_4GNN7J8E	1506	7	11	18	0.0119521912350598	HGG
BS_4HQ3T2NC	2200	2	8	10	0.00454545454545455	LGG
BS_4K2TNJ8R	337	32	16	48	0.142433234421365	LGG
BS_4KNBXM3C	1794	23	26	49	0.0273132664437012	HGG
BS_4N1GNHX4	1204	23	12	35	0.0290697674418605	LGG
BS_4NF35AF6	2225	4	9	13	0.00584269662921348	LGG
BS_4NWHYH53	1035	7	5	12	0.0115942028985507	EPN
BS_4PBXY1E3	2564	31	47	78	0.0304212168486739	MB
BS_4PH1MBGR	2726	13	21	34	0.012472487160675	MB
BS_4PPHAQXF	1595	3	10	13	0.00815047021943574	HGG
BS_4PWDGEB0	1307	12	7	19	0.0145371078806427	HGG
BS_4QW2S1Q8	2321	8	15	23	0.00990952175786299	HGG
BS_4SCWT0FX	1638	6	4	10	0.00610500610500611	EPN
BS_4T0HPZDC	1968	10	6	16	0.00813008130081301	EPN
BS_4T0HQ9QF	898	25	10	35	0.0389755011135857	HGG
BS_4TZQY7TT	482	14	6	20	0.04149377593361	LGG
BS_4V42BXBT	1890	12	15	27	0.0142857142857143	HGG
BS_4W1PKKYD	1157	20	9	29	0.0250648228176318	LGG
BS_4W68NV3M	2325	16	33	49	0.0210752688172043	MB
BS_4XH092HE	2541	32	24	56	0.0220385674931129	LGG
BS_4Y2JAQTS	1543	41	33	74	0.0479585223590408	GNG
BS_4Y6BCYK5	2100	5	12	17	0.00809523809523809	LGG
BS_4Y93HVP4	1624	6	10	16	0.00985221674876847	LGG
BS_4Z2F4P9N	2668	11	23	34	0.012743628185907	LGG
BS_503DZ8BN	1577	18	17	35	0.0221940393151554	LGG
BS_50S6TFFE	1322	34	16	50	0.037821482602118	EPN
BS_516X056B	1787	19	65	84	0.047006155567991	MB
BS_51RA1PGE	2382	8	16	24	0.0100755667506297	HGG
BS_52426AMF	2152	5	7	12	0.00557620817843866	LGG
BS_52C576HH	2449	7	14	21	0.00857492854226215	HGG
BS_52DAPP1Y	1559	6	2	8	0.00513149454778704	LGG
BS_52MPKTJH	2230	16	49	65	0.0291479820627803	HGG
BS_534XRSNB	1441	8	7	15	0.0104094378903539	LGG
BS_53GQKVEX	2093	7	12	19	0.00907787864309603	LGG
BS_53KFK3G0	1966	19	13	32	0.0162767039674466	ATRT
BS_53M8PP88	2163	6	10	16	0.00739713361072584	EPN
BS_54CFNJ16	519	54	26	80	0.154142581888247	HGG
BS_54H90JW2	1346	20	12	32	0.0237741456166419	LGG
BS_55JW3HFM	2798	10	15	25	0.0089349535382416	GNG
BS_55P8HPYD	1848		5	5	0.00270562770562771	LGG
BS_55X1W2MR	460	29	16	45	0.0978260869565217	GNG
BS_57NMZPS0	879	15	8	23	0.0261660978384528	LGG
BS_58AJ8F56	772	30	45	75	0.0971502590673575	HGG
BS_58N4Y4ZJ	1247	29	15	44	0.0352846832397755	MB
BS_58YXHGAJ	1559	2	6	8	0.00513149454778704	HGG
BS_593HEWBF	1906	4	5	9	0.00472193074501574	GNG
BS_5965SFPZ	2046	8	8	16	0.00782013685239492	HGG
BS_596QRYFP	957	6	4	10	0.0104493207941484	HGG
BS_5G5BD2MD	639	34	11	45	0.0704225352112676	HGG
BS_5J5D3QTD	2297	38	45	83	0.0361340879407923	LGG
BS_5JM573JC	2220	29	36	65	0.0292792792792793	GNG
BS_5K3R0F5D	2007	4	11	15	0.00747384155455904	GNG
BS_5K95FX4C	1912	14	26	40	0.0209205020920502	HGG
BS_5KBXD2GQ	731	37	21	58	0.079343365253078	HGG
BS_5NWDARXG	2082	7	6	13	0.00624399615754083	LGG
BS_5PJCHF6V	2134	11	22	33	0.0154639175257732	MB
BS_5PV5N4HQ	2058	4	6	10	0.00485908649173955	LGG
BS_5SWXR2QQ	716	26	16	42	0.058659217877095	EPN
BS_5VPM0F36	1670	3	9	12	0.00718562874251497	HGG
BS_5VQP0E6K	2211	9	14	23	0.0104025327905925	MB
BS_5YJEPPTP	1888	4	4	8	0.00423728813559322	LGG
BS_5YYCP891	897	13	4	17	0.0189520624303233	LGG
BS_5ZD8FRPJ	2102	15	80	95	0.0451950523311132	MB
BS_60DX1WQ5	424	25	13	38	0.089622641509434	LGG
BS_613KQVAE	1507	39	33	72	0.0477770404777704	EPN
BS_61E80SD6	2476	19	25	44	0.0177705977382876	MB
BS_62SW4CC5	1344	15	39	54	0.0401785714285714	HGG
BS_63F8QR26	413	9	8	17	0.0411622276029056	LGG
BS_63JT39PX	1288	11	5	16	0.0124223602484472	LGG
BS_65A41ZQJ	1981	8	16	24	0.0121150933871782	ATRT
BS_65WPD3DA	1754	16	63	79	0.0450399087799316	HGG
BS_66ABA973	1707	4	4	8	0.00468658465143527	LGG
BS_66HQ3E4Z	2068	3	7	10	0.00483558994197292	LGG
BS_67V4F080	1634	26	37	63	0.0385556915544676	HGG
BS_67Z63A2K	2083	14	11	25	0.0120019203072492	EPN
BS_680K119G	1909	7	9	16	0.00838135149292824	GNG
BS_68BW2163	1737	7	5	12	0.00690846286701209	LGG
BS_68KX6A42	2904	10	24	34	0.0117079889807163	HGG
BS_699TN5RN	2143	5	5	10	0.00466635557629491	GNG
BS_6AB299R2	2456	20	31	51	0.0207654723127036	MB
BS_6AFD49QR	1877	15	9	24	0.0127863612147043	EPN
BS_6AQ5RR83	1244	18	22	40	0.0321543408360129	EPN
BS_6BGES4ZG	1364	36	24	60	0.0439882697947214	HGG
BS_6BHX3P3N	618	29	19	48	0.0776699029126214	ATRT
BS_6BQ2Q78K	1094	12	19	31	0.0283363802559415	MB
BS_6DCSD5Y6	2084	26	211	237	0.113723608445298	HGG
BS_6EW6X0J0	1417	18	9	27	0.0190543401552576	MB
BS_6G6C7VPX	2171	10	14	24	0.011054813450023	ATRT
BS_6H1C1ME9	2230	7	17	24	0.010762331838565	EPN
BS_6H4Q24WA	1921	7	10	17	0.00884955752212389	HGG
BS_6HXD39AM	1675	14	11	25	0.0149253731343284	GNG
BS_6KBHF52X	788	26	9	35	0.0444162436548223	ATRT
BS_6M2053M0	880		1	1	0.00113636363636364	HGG
BS_6MZ7FRZH	2342	10	13	23	0.00982066609735269	EPN
BS_6N3AFF66	1298	5	4	9	0.00693374422187982	LGG
BS_6N7YE1A4	1547	59	82	141	0.0911441499676794	EPN
BS_6NBTFA33	817	14	5	19	0.0232558139534884	CPG
BS_6NTXGQAC	1968	15	13	28	0.0142276422764228	GNG
BS_6P50QTPP	1722	5	4	9	0.00522648083623693	LGG
BS_6PWHC64Y	1729	9	16	25	0.0144592249855408	MB
BS_6RX2743N	1363	21	8	29	0.0212765957446809	MB
BS_6SY64H5J	1849	19	27	46	0.0248783126014062	HGG
BS_6TSAVMT9	2392	31	37	68	0.0284280936454849	LGG
BS_6VF6VPCG	1540	6	6	12	0.00779220779220779	LGG
BS_6VRG1XFB	1022	20	9	29	0.0283757338551859	HGG
BS_6VW8FC7Z	1846	25	29	54	0.0292524377031419	LGG
BS_6W0VHGQE	1151	32	15	47	0.0408340573414422	MB
BS_6WP1FHTE	1911	4	10	14	0.00732600732600733	HGG
BS_6XHRA95C	565	30	13	43	0.0761061946902655	MB
BS_71GFQYV5	678	27	35	62	0.0914454277286136	LGG
BS_7327SDAQ	2367	9	11	20	0.00844951415293621	HGG
BS_74FS6GMW	2479	8	13	21	0.00847115772488907	ATRT
BS_74G5K7JF	1010	3	3	6	0.00594059405940594	EPN
BS_75YRDXET	1909	8	30	38	0.0199057097957046	HGG
BS_769BDPDB	1951	11	12	23	0.0117888262429523	LGG
BS_76DRXZRJ	1753	10	13	23	0.0131203650884199	LGG
BS_77317DY4	2435	23	114	137	0.0562628336755647	MB
BS_775HDFNY	2304	8	10	18	0.0078125	LGG
BS_77CDMEY4	2125	10	11	21	0.00988235294117647	GNG
BS_77SBTNPN	2021	15	26	41	0.0202869866402771	HGG
BS_78QX3XDF	1898	3	16	19	0.0100105374077977	CPG
BS_78SCX2N9	1298	19	9	28	0.0215716486902928	MB
BS_7APCGCVF	496	27	17	44	0.0887096774193548	HGG
BS_7ARDVFCP	1537	14	10	24	0.0156148340923878	LGG
BS_7B89YR6K	1989	30	89	119	0.0598290598290598	EPN
BS_7BTZQKYY	3334	23	42	65	0.019496100779844	EPN
BS_7C40TRCY	2149	7	12	19	0.00884132154490461	MB
BS_7FKE2YPB	1776	32	25	57	0.0320945945945946	EPN
BS_7FWZ518S	2287	11	14	25	0.0109313511149978	MB
BS_7G42J2SK	1508	4	4	8	0.00530503978779841	EPN
BS_7GJT4A6A	1952	30	116	146	0.0747950819672131	HGG
BS_7GKWKGPH	1228	17	26	43	0.0350162866449511	HGG
BS_7H4RFCW9	1939	5	10	15	0.00773594636410521	LGG
BS_7M3FNSYK	1537	13	7	20	0.0130123617436565	LGG
BS_7MGXMG6S	2224	22	46	68	0.0305755395683453	LGG
BS_7N0B2CY1	1543	8	14	22	0.0142579390797148	GNG
BS_7P83Z28P	2218	5	5	10	0.00450856627592426	LGG
BS_7PVJ6Q3D	1348	15	19	34	0.0252225519287834	HGG
BS_7SMY657N	1156	15	5	20	0.0173010380622837	MB
BS_7T1J3KET	1734	4	3	7	0.00403690888119954	CPG
BS_7WKNNRHK	905	19	11	30	0.0331491712707182	HGG
BS_7XQRH69M	2175	10	14	24	0.0110344827586207	MB
BS_7XRN3CFX	2143	6	12	18	0.00839944003733084	LGG
BS_7Z93ZYMS	2252	9	6	15	0.0066607460035524	LGG
BS_81SP2HX4	2186	15	16	31	0.0141811527904849	MB
BS_83HGE3WV	1188	23	33	56	0.0471380471380471	MB
BS_84PYF22K	1199	13	5	18	0.0150125104253545	CPG
BS_84VZX732	382	29	24	53	0.138743455497382	HGG
BS_84XCR9GG	2307	10	18	28	0.012136974425661	HGG
BS_850BAHH9	1657	6	6	12	0.00724200362100181	ATRT
BS_862NMAR7	3190	22	45	67	0.0210031347962382	HGG
BS_86Q14TZG	2602	5	13	18	0.00691775557263643	CPG
BS_880ESDFZ	813	23	8	31	0.038130381303813	LGG
BS_8B2RAF9R	1533	52	51	103	0.0671885192433138	MB
BS_8BF616QR	1844	62	32	94	0.0509761388286334	LGG
BS_8D0NYM46	2376	12	15	27	0.0113636363636364	CPG
BS_8E8JKP01	1973	15	12	27	0.0136847440446021	HGG
BS_8ERBDF7D	3598	40	83	123	0.0341856586992774	HGG
BS_8GBH4QYB	393	19	7	26	0.0661577608142494	CPG
BS_8GW1TMV2	964	2	7	9	0.00933609958506224	MB
BS_8H3S44QP	1430	8	16	24	0.0167832167832168	HGG
BS_8J3B6ZB6	1975		4	4	0.0020253164556962	LGG
BS_8K9YVM5G	1608	28	9	37	0.0230099502487562	MB
BS_8PE0ZBXN	816	8	3	11	0.0134803921568627	LGG
BS_8PNA0V6R	2305	9	21	30	0.0130151843817787	HGG
BS_8Q4JWFKK	520	18	7	25	0.0480769230769231	LGG
BS_8Q7W9NSR	1473	24	6	30	0.0203665987780041	EPN
BS_8Q7Z32DD	47	7	4	11	0.234042553191489	LGG
BS_8QJ43WKW	958	64	33	97	0.10125260960334	LGG
BS_8RCR7Y4B	2409	21	13	34	0.0141137401411374	LGG
BS_8RHPJ740	2112	8	13	21	0.00994318181818182	EPN
BS_8SKZ7BRN	2421	8	39	47	0.0194134655101198	LGG
BS_8T7DZV2F	822	7	3	10	0.0121654501216545	MB
BS_8TR7980G	988	11	15	26	0.0263157894736842	LGG
BS_8TTMM7FE	2171	8	27	35	0.0161216029479503	MB
BS_8VAZSJEN	1689	5	3	8	0.00473653049141504	LGG
BS_8YWYN7VH	711	52	29	81	0.113924050632911	HGG
BS_8Z3SCKB5	1902	11	7	18	0.00946372239747634	LGG
BS_8ZE4Z9G5	2221	27	22	49	0.0220621341737956	HGG
BS_8ZP3CBQA	2984	13	20	33	0.011058981233244	EPN
BS_8ZS9F31R	854	2	2	4	0.00468384074941452	HGG
BS_8ZY4GST0	1491	5	4	9	0.00603621730382294	HGG
BS_90B22NGP	2229	26	97	123	0.0551816958277254	ATRT
BS_912NX4Y0	2200	9	18	27	0.0122727272727273	GNG
BS_9294WMET	1492	27	15	42	0.0281501340482574	MB
BS_92HCM7BN	1026	10	5	15	0.0146198830409357	LGG
BS_92VDQ0NE	2848	13	32	45	0.0158005617977528	GNG
BS_9477AG24	1447	42	24	66	0.045611610228058	LGG
BS_94MT16N2	1920	14	47	61	0.0317708333333333	LGG
BS_96BNRT9G	1868	9	19	28	0.0149892933618844	HGG
BS_9755PSCS	1222	6	4	10	0.00818330605564648	LGG
BS_975AWWJE	812	37	14	51	0.062807881773399	EPN
BS_97GBG8T6	699	21	9	30	0.0429184549356223	LGG
BS_97M1E2DW	1655	6	32	38	0.0229607250755287	HGG
BS_996ZS2A4	2237	12	17	29	0.0129637907912383	ATRT
BS_9A1YTHFF	1844	18	33	51	0.0276572668112798	HGG
BS_9B0A62MT	2190	35	62	97	0.0442922374429224	HGG
BS_9BJARSX3	2378	4	14	18	0.00756938603868797	LGG
BS_9CA93S6D	1748	36	171	207	0.118421052631579	HGG
BS_9D1XZKJE	813	47	29	76	0.0934809348093481	EPN
BS_9DZ253JY	752	19	23	42	0.0558510638297872	LGG
BS_9F09XV62	1790	18	15	33	0.0184357541899441	LGG
BS_9FHEFJNP	656	31	6	37	0.0564024390243902	HGG
BS_9FHSNVS0	2351	30	101	131	0.0557209698000851	ATRT
BS_9GJ3DB1H	2135	19	70	89	0.0416861826697892	HGG
BS_9H1684FJ	1097	45	18	63	0.0574293527803099	CPG
BS_9H7A00PV	2723	60	61	121	0.0444362835108336	GNG
BS_9HSGV9TJ	1789	9	10	19	0.0106204583566238	LGG
BS_9JBX2E8G	1336	21	15	36	0.0269461077844311	LGG
BS_9K1H3RPM	1027	16	6	22	0.0214216163583252	MB
BS_9M5XJ10G	2264	13	22	35	0.0154593639575972	MB
BS_9NJHQE9F	1838	15	13	28	0.015233949945593	MB
BS_9NZ2D6AD	1993	11	8	19	0.0095333667837431	MB
BS_9P9MB8X8	1865	8	5	13	0.00697050938337802	LGG
BS_9PB3XH5D	2405	7	17	24	0.00997920997920998	MB
BS_9Q6Z6VJC	1871	5	11	16	0.0085515766969535	LGG
BS_9RT63JD9	2097	7	12	19	0.00906056270863138	LGG
BS_9S7AG4EN	1354	12	13	25	0.0184638109305761	LGG
BS_9SJWWYQ4	1475	6	3	9	0.00610169491525424	LGG
BS_9TXEDSWB	2143	34	72	106	0.0494633691087261	HGG
BS_9V633J1X	2667	13	34	47	0.0176227971503562	MB
BS_9XVACXP0	2320	11	16	27	0.0116379310344828	HGG
BS_9Y1K14Q5	743	8	3	11	0.0148048452220727	HGG
BS_9YXH2CZ0	1122	9	5	14	0.0124777183600713	LGG
BS_9ZJT0CP0	1928	16	36	52	0.0269709543568465	HGG
BS_A0DYVX9J	884	7	5	12	0.0135746606334842	HGG
BS_A13BMEF5	1907	4	4	8	0.00419507079181961	LGG
BS_A14Z8BBK	1913	12	18	30	0.0156821745948772	MB
BS_A1V3BH0Z	1348	45	33	78	0.0578635014836795	LGG
BS_A1VEGWTR	2189	6	8	14	0.00639561443581544	LGG
BS_A2YNJVVG	1511	20	23	43	0.028457974851092	LGG
BS_A46RDWGM	1895	10	7	17	0.00897097625329815	LGG
BS_A52V3XJM	1778	34	120	154	0.0866141732283465	MB
BS_A6NXR7RC	949	3	24	27	0.0284510010537408	HGG
BS_A76PNWQS	1183	11	17	28	0.0236686390532544	LGG
BS_A7MC2KR2	2332	8	9	17	0.00728987993138937	CPG
BS_A7Q8G0Y1	1059	9	31	40	0.0377714825306893	HGG
BS_A7W82CVE	368	12	6	18	0.0489130434782609	LGG
BS_A87NPZAP	1984	17	68	85	0.0428427419354839	MB
BS_A8XW5S0W	1815	10	34	44	0.0242424242424242	HGG
BS_A96FKXN5	864	14	10	24	0.0277777777777778	LGG
BS_ABYF92Z9	2074	9	7	16	0.0077145612343298	CPG
BS_AD4JPN9Q	2175	5	9	14	0.0064367816091954	GNG
BS_ADEE1SN5	1060	7	6	13	0.0122641509433962	EPN
BS_AG3D3435	1784	4	5	9	0.00504484304932735	LGG
BS_AGTPCRR4	1721	5	5	10	0.00581057524694945	EPN
BS_AHEFXG7W	1895	9	18	27	0.0142480211081794	MB
BS_AKNF1CJX	566	13	14	27	0.0477031802120141	ATRT
BS_AKRHBPNZ	2176	10	14	24	0.0110294117647059	GNG
BS_AKT8HK8J	1562	9	2	11	0.00704225352112676	LGG
BS_AM0BZ61K	542	17	16	33	0.0608856088560886	LGG
BS_AM70R8RG	2769	13	29	42	0.0151679306608884	MB
BS_AMZ70B6F	2200	11	13	24	0.0109090909090909	MB
BS_AP0SZ364	2235	6	9	15	0.00671140939597315	LGG
BS_AP814Q8D	1137	38	36	74	0.0650835532102023	EPN
BS_ARBQDTT5	1658	5	2	7	0.00422195416164053	LGG
BS_ATHSTZ5R	1169	9	3	12	0.0102651839178785	LGG
BS_AV9PD1CR	456	11	3	14	0.0307017543859649	LGG
BS_AVYNZHSB	1550	9	8	17	0.0109677419354839	LGG
BS_AW7J9F9R	621	47	35	82	0.132045088566828	LGG
BS_AWH9757B	2521	10	14	24	0.00952003173343911	HGG
BS_AWJFW3W5	2117	22	17	39	0.0184222957014643	MB
BS_AYSXRQWY	1163	22	20	42	0.0361134995700774	HGG
BS_AZQM1JJH	1765	15	62	77	0.0436260623229462	HGG
BS_B0SVFK4P	2222	17	43	60	0.027002700270027	LGG
BS_B1C6GZ84	2064	7	10	17	0.00823643410852713	HGG
BS_B1HF89ES	2516	32	32	64	0.0254372019077901	HGG
BS_B1HVNV0T	2142	14	22	36	0.0168067226890756	ATRT
BS_B1J776DQ	376	13	8	21	0.0558510638297872	LGG
BS_B2QMR6Z9	1596	22	22	44	0.0275689223057644	LGG
BS_B3M5SGPA	1993	9	15	24	0.0120421475163071	LGG
BS_B3MQFFYP	1279	10	6	16	0.0125097732603597	HGG
BS_B4R7X1KE	2511	11	29	40	0.0159299084030267	HGG
BS_B53Z0T1Q	1850	11	13	24	0.012972972972973	CPG
BS_B57327NA	598	26	20	46	0.0769230769230769	HGG
BS_B5JM6T8K	1192	16	11	27	0.0226510067114094	LGG
BS_B6JKQFKA	641	30	10	40	0.062402496099844	LGG
BS_B6M763JS	1852	10	4	14	0.00755939524838013	LGG
BS_B7GEH89C	1216	6	5	11	0.00904605263157895	LGG
BS_B7X8VXQ3	1546	5	3	8	0.00517464424320828	GNG
BS_BA6AZWB3	2315	14	11	25	0.0107991360691145	MB
BS_BANCTAV6	2176	52	87	139	0.0638786764705882	LGG
BS_BBAEMXRD	1295	8	45	53	0.0409266409266409	HGG
BS_BBQ6BHGN	1190	52	19	71	0.0596638655462185	HGG
BS_BC936YNZ	1506	4	3	7	0.00464807436918991	LGG
BS_BD2TNN61	505	12	8	20	0.0396039603960396	ATRT
BS_BE1WV2B2	1242	11	5	16	0.0128824476650564	MB
BS_BE6EZQHP	1585	27	19	46	0.0290220820189274	MB
BS_BEKKNDWB	1038	27	10	37	0.035645472061657	MB
BS_BGFDW0VM	688	14	12	26	0.0377906976744186	ATRT
BS_BHR08WGW	1902	2	3	5	0.00262881177707676	CPG
BS_BJBM0BN7	1178	38	6	44	0.0373514431239389	LGG
BS_BJDNWMJH	1854	14	19	33	0.0177993527508091	EPN
BS_BK0HGRXM	1671	8	10	18	0.0107719928186715	HGG
BS_BKQZ550R	2170	8	8	16	0.00737327188940092	LGG
BS_BMMY0H73	1746	4	5	9	0.00515463917525773	HGG
BS_BN3VGJP0	387	16	15	31	0.0801033591731266	ATRT
BS_BN986DF6	2119	9	11	20	0.00943841434638981	LGG
BS_BNECCX4D	1742	8	15	23	0.013203214695752	LGG
BS_BPKRC55C	402	33	13	46	0.114427860696517	EPN
BS_BPM1MRGT	1181	25	15	40	0.0338696020321761	LGG
BS_BPSTSCBJ	2345	7	16	23	0.00980810234541578	LGG
BS_BPWEFR89	2401	13	18	31	0.0129112869637651	MB
BS_BSMKSA87	1128	44	22	66	0.0585106382978723	CPG
BS_BSV07M7Z	2440	14	26	40	0.0163934426229508	MB
BS_BVSW4GTG	1839	6	4	10	0.00543773790103317	MB
BS_BW1Z7QQY	715	30	17	47	0.0657342657342657	EPN
BS_BW79W2PD	1678	57	81	138	0.0822407628128725	LGG
BS_BYBG9F2X	1112	10	12	22	0.0197841726618705	EPN
BS_C05FKR8X	2049	11	23	34	0.0165934602244998	EPN
BS_C0GQVFWA	1281	48	27	75	0.0585480093676815	MB
BS_C0NEVC2B	1464	22	6	28	0.0191256830601093	GNG
BS_C0XFDP38	1950	9	13	22	0.0112820512820513	CPG
BS_C3NW374Q	890	68	19	87	0.097752808988764	HGG
BS_C3P5BC92	1485	9	21	30	0.0202020202020202	CPG
BS_C41DJZ1F	1853	9	15	24	0.0129519697787372	HGG
BS_C51RB0YR	2189	13	19	32	0.0146185472818639	LGG
BS_C6SKJG3N	2148	5	9	14	0.00651769087523277	LGG
BS_C6ZZ3FY5	790	2	3	5	0.00632911392405063	HGG
BS_C7A2TYAC	2195	4	9	13	0.00592255125284738	LGG
BS_C80S5N37	1835	7	5	12	0.00653950953678474	EPN
BS_C83TK159	1185	1	3	4	0.00337552742616034	HGG
BS_C853MJT4	777	27	6	33	0.0424710424710425	MB
BS_C8KEG501	868	10	7	17	0.0195852534562212	LGG
BS_C8ME4RZA	1166	22	10	32	0.0274442538593482	CPG
BS_C8RVHTVV	1939	33	29	62	0.0319752449716349	MB
BS_CB6VK7PB	2602	10	14	24	0.00922367409684858	LGG
BS_CC6RREE4	1917	17	19	36	0.0187793427230047	GNG
BS_CCBW38BM	1731	24	19	43	0.024841132293472	MB
BS_CE7C68FX	368	43	14	57	0.154891304347826	EPN
BS_CF63VG3S	2237	23	48	71	0.0317389360751006	HGG
BS_CFCWWFKG	627	47	14	61	0.0972886762360447	CPG
BS_CFD3WHAY	1058	12	6	18	0.0170132325141777	HGG
BS_CG1RG607	1783	35	66	101	0.0566461020751542	HGG
BS_CG6R2RED	1870	39	97	136	0.0727272727272727	MB
BS_CGB2WS2A	1997	4	11	15	0.00751126690035053	LGG
BS_CH8Q6FCN	1155	42	20	62	0.0536796536796537	LGG
BS_CHDGRYHJ	943	11	7	18	0.0190880169671262	MB
BS_CKKY5S4M	591	37	21	58	0.0981387478849408	MB
BS_CM14SRVX	2588	45	69	114	0.0440494590417311	GNG
BS_CMDJJQ7K	855	13	8	21	0.0245614035087719	LGG
BS_CN0GW92K	1656	38	18	56	0.0338164251207729	MB
BS_CN797XGY	984	25	15	40	0.040650406504065	EPN
BS_CPWBFHAC	2107	18	19	37	0.0175605125771239	LGG
BS_CRG16D94	929	17	6	23	0.0247578040904198	ATRT
BS_CS170P7T	1829	8	21	29	0.0158556588299617	LGG
BS_CTR5X93B	1754	2	2	4	0.00228050171037628	LGG
BS_CV8J6WK8	1082	25	9	34	0.0314232902033272	CPG
BS_CVEDJGHZ	2064	11	37	48	0.0232558139534884	HGG
BS_CVGFNCBJ	1913	10	12	22	0.0115002613695766	LGG
BS_CVGPSXV7	1316	17	12	29	0.0220364741641337	LGG
BS_CX7NH77G	646	10	10	20	0.0309597523219814	LGG
BS_CXAQDK7S	1405	22	10	32	0.0227758007117438	HGG
BS_CXVJK2FY	2071	4	13	17	0.00820859488169966	EPN
BS_CZ3ER8DY	1244	16	10	26	0.0209003215434084	EPN
BS_CZ3NA7KV	965	5	2	7	0.00725388601036269	EPN
BS_CZPQ493E	2856	35	61	96	0.0336134453781513	HGG
BS_D144EJRQ	2019	15	11	26	0.0128776622090144	MB
BS_D2K9C7XR	2660	14	20	34	0.012781954887218	CPG
BS_D3YBV7KB	2127	6	6	12	0.00564174894217207	LGG
BS_D46WVFCP	1841	21	15	36	0.0195545898967952	MB
BS_D48301X5	1726	28	21	49	0.0283893395133256	EPN
BS_D4VNDNQA	1609	21	28	49	0.0304536979490367	HGG
BS_D5NQV7N5	1289	11	6	17	0.013188518231187	CPG
BS_D6J2BGDJ	975	6	33	39	0.04	HGG
BS_DB75RPCD	2519	53	45	98	0.0389043271139341	HGG
BS_DEHJF4C7	2349	7	14	21	0.00893997445721584	LGG
BS_DFGS950G	1267	13	17	30	0.0236779794790845	HGG
BS_DFWFBYSN	1952	9	13	22	0.0112704918032787	MB
BS_DGWXNSPK	1634	17	17	34	0.0208078335373317	GNG
BS_DHA5FMVW	2259	13	10	23	0.0101814962372731	ATRT
BS_DK87G2MP	1235	81	96	177	0.14331983805668	HGG
BS_DMJHAG9X	927	12	5	17	0.0183387270765912	LGG
BS_DMZP9G1H	1962	8	17	25	0.0127420998980632	GNG
BS_DNZVP92S	1096	4	10	14	0.0127737226277372	HGG
BS_DPA539AJ	1201	31	13	44	0.0366361365528726	MB
BS_DPF1CX0G	1824	11	10	21	0.0115131578947368	LGG
BS_DR079H0D	1344	14	53	67	0.0498511904761905	HGG
BS_DRD9QXR5	2420	6	19	25	0.0103305785123967	CPG
BS_DS1HY9A0	1089	36	15	51	0.046831955922865	ATRT
BS_DS438CXE	2348	11	9	20	0.00851788756388416	HGG
BS_DS4Z2VBP	2109	18	31	49	0.0232337600758653	EPN
BS_DSPVSM7D	390	7	21	28	0.0717948717948718	HGG
BS_DSS3S5XD	2165	6	14	20	0.0092378752886836	LGG
BS_DV86M0Y7	2314	4	12	16	0.00691443388072602	LGG
BS_DZ4B5A40	2537	31	36	67	0.0264091446590461	LGG
BS_DZFV0CFA	285	33	7	40	0.140350877192982	GNG
BS_DZNXFPH1	819	29	11	40	0.0488400488400488	HGG
BS_E054DFJN	1662	20	10	30	0.0180505415162455	CPG
BS_E0XXZRKS	1939	51	47	98	0.0505415162454874	LGG
BS_E0ZEECZ6	1170	20	6	26	0.0222222222222222	ATRT
BS_E1B3BKYA	1709	31	34	65	0.0380339379754242	LGG
BS_E1CGF3KV	1982	12	4	16	0.00807265388496468	LGG
BS_E2B5BJ7A	1456	26	13	39	0.0267857142857143	EPN
BS_E2DEWCSK	1065	5	3	8	0.00751173708920188	LGG
BS_E3BAT4C1	2357	12	27	39	0.0165464573610522	MB
BS_E3EJHXQV	1478	6	3	9	0.0060893098782138	LGG
BS_E4F1D721	1905	7	6	13	0.0068241469816273	EPN
BS_E4QK839R	2133	12	13	25	0.0117205813408345	LGG
BS_E67QTP84	1374	15	14	29	0.0211062590975255	MB
BS_E6DT3HPT	244	22	8	30	0.122950819672131	LGG
BS_E7NVYA6G	1914	43	33	76	0.0397074190177638	HGG
BS_EB0XRBT9	1511	5	11	16	0.0105890138980807	HGG
BS_EBMCTR80	1841	4	7	11	0.00597501357957632	LGG
BS_ECGQWHNQ	1577	19	11	30	0.0190234622701332	LGG
BS_ECNBQ2RA	599		8	8	0.013355592654424	HGG
BS_ECP485VV	1133	26	18	44	0.0388349514563107	MB
BS_ED8G98XT	1750	24	28	52	0.0297142857142857	HGG
BS_EFE4YEK3	2566	15	31	46	0.0179267342166797	MB
BS_EFEZB0ZH	1933	9	6	15	0.00775995861355406	LGG
BS_EHVYJAVA	2401	7	6	13	0.00541441066222407	LGG
BS_EJSWEM34	1174	26	20	46	0.0391822827938671	CPG
BS_EK5PCKY0	579	7	4	11	0.0189982728842832	EPN
BS_EMAJ7P3P	1561	42	42	84	0.0538116591928251	LGG
BS_EMMF4PZX	2191	16	29	45	0.0205385668644455	CPG
BS_EMYET8F4	2298	6	21	27	0.0117493472584856	EPN
BS_EN2VK7NY	2384	8	17	25	0.0104865771812081	LGG
BS_ENEYB4TG	1884	15	12	27	0.0143312101910828	HGG
BS_ENX83H9Z	1809	18	12	30	0.0165837479270315	HGG
BS_EQKYB3JB	735	33	17	50	0.0680272108843537	MB
BS_ERJAJ0KA	2619	9	17	26	0.0099274532264223	GNG
BS_ERJT2RFF	279	19	19	38	0.136200716845878	LGG
BS_ERWT0ZWE	2351	17	18	35	0.0148872820076563	MB
BS_ET8CJXSF	2243	6	10	16	0.00713330361123495	LGG
BS_ETDCPRAM	1151	24	21	45	0.0390964378801043	CPG
BS_ETM3DW4J	1165	13	11	24	0.0206008583690987	EPN
BS_EVCAC3NH	759	3	2	5	0.00658761528326746	EPN
BS_EWC2NGHN	1834	25	16	41	0.0223555070883315	EPN
BS_EXPJQZTH	1174	7	14	21	0.0178875638841567	HGG
BS_EXYHZ6D4	340	8	9	17	0.05	LGG
BS_EY2B6KD0	294	16	8	24	0.0816326530612245	LGG
BS_EYSS0ZDS	2066	5	14	19	0.00919651500484027	LGG
BS_EYYMKWB7	2062	17	22	39	0.018913676042677	LGG
BS_EZ3147MX	3291	19	51	70	0.0212701306593741	HGG
BS_F0JB4EAK	1281	2	4	6	0.00468384074941452	HGG
BS_F0ZP45KB	1509	38	31	69	0.0457256461232604	GNG
BS_F1K9QTBS	729	15	5	20	0.0274348422496571	LGG
BS_F21R36MM	1682	21	25	46	0.0273483947681332	HGG
BS_F349AQKV	564	12	7	19	0.0336879432624113	LGG
BS_F37P8QT7	63	2	3	5	0.0793650793650794	LGG
BS_F4E8R9VY	1593	10	6	16	0.0100439422473321	GNG
BS_F5QBVPP0	2085	28	23	51	0.0244604316546763	MB
BS_F65GWS21	390	9	12	21	0.0538461538461538	HGG
BS_F6V1Y4QS	2203	10	13	23	0.0104403086699955	LGG
BS_F6ZHHA54	483	27	19	46	0.0952380952380952	MB
BS_F77MGAQT	1304	27	33	60	0.0460122699386503	LGG
BS_F8N6CFQE	1941	3	4	7	0.00360638845955693	LGG
BS_F9Y4Z92G	2114	11	30	41	0.0193945127719962	HGG
BS_FAQQ0GCQ	2603	8	19	27	0.0103726469458317	GNG
BS_FBRNNYCA	1332	20	6	26	0.0195195195195195	MB
BS_FCDAH728	2008	10	11	21	0.0104581673306773	HGG
BS_FEKM7X6Z	815	21	11	32	0.0392638036809816	CPG
BS_FEV5A0HN	2044	8	10	18	0.00880626223091976	HGG
BS_FGJH1X0S	1590	12	44	56	0.0352201257861635	HGG
BS_FGQA2S06	1418	20	9	29	0.0204513399153738	LGG
BS_FHM1TKTT	1480	33	42	75	0.0506756756756757	MB
BS_FJ2H219D	238	4	7	11	0.046218487394958	HGG
BS_FJWZ3M7V	2044	5	6	11	0.00538160469667319	LGG
BS_FKASA3MN	1064	7	16	23	0.0216165413533835	HGG
BS_FKDQJJB5	1836	7	6	13	0.00708061002178649	MB
BS_FQ5VYCBD	1663	8	17	25	0.0150330727600722	HGG
BS_FR42HY0Z	975	28	11	39	0.04	LGG
BS_FRZ76GEG	2036	5	6	11	0.00540275049115914	CPG
BS_FTKPQ5FZ	607	4	4	8	0.0131795716639209	EPN
BS_FV820J38	1482	18	15	33	0.0222672064777328	MB
BS_FW5ECXXK	750	6	4	10	0.0133333333333333	EPN
BS_FX2P2WEG	1718	14	24	38	0.0221187427240978	HGG
BS_FXJY0MNH	2215	43	48	91	0.0410835214446953	HGG
BS_FYP2B298	2067	28	20	48	0.02322206095791	HGG
BS_FYRDYBMZ	1624	9	5	14	0.00862068965517241	HGG
BS_FZRCFK0W	512	25	9	34	0.06640625	LGG
BS_G00FHF3Q	2383	11	26	37	0.0155266470835082	MB
BS_G0RPJHA9	1167	17	10	27	0.0231362467866324	EPN
BS_G19QZG4S	1414	27	16	43	0.0304101838755304	HGG
BS_G1DAGKSY	730	21	8	29	0.0397260273972603	LGG
BS_G1E5DATJ	1762	11	15	26	0.0147559591373439	HGG
BS_G23JJAZY	1027	8	3	11	0.0107108081791626	EPN
BS_G257VSS9	1616	14	7	21	0.0129950495049505	HGG
BS_G3NN392N	1147	14	13	27	0.023539668700959	HGG
BS_G5NHSFD4	2298	5	22	27	0.0117493472584856	HGG
BS_G5QBBHDV	1518	13	80	93	0.0612648221343874	LGG
BS_G63HYD6N	2368	10	17	27	0.011402027027027	EPN
BS_G6RKBJEY	1101	16	6	22	0.0199818346957312	ATRT
BS_G7AGNB5G	2048	5	8	13	0.00634765625	LGG
BS_G8TXTX0H	1032	10	3	13	0.0125968992248062	HGG
BS_G9219PMD	225	17	11	28	0.124444444444444	LGG
BS_G9XE3N9T	1988	5	11	16	0.00804828973843058	LGG
BS_GAGRGSSX	1883	12	22	34	0.01805629314923	ATRT
BS_GC3CH9TY	2180	15	12	27	0.0123853211009174	CPG
BS_GCA4GET3	2045	10	5	15	0.00733496332518337	LGG
BS_GCQFGDTX	2847	8	31	39	0.0136986301369863	MB
BS_GE2RVZE6	2552	13	27	40	0.0156739811912226	MB
BS_GG9W3J9Y	2162	5	10	15	0.00693802035152636	HGG
BS_GHNJ4CYC	1536	8	9	17	0.0110677083333333	LGG
BS_GHZJ8FX3	173	13	15	28	0.161849710982659	LGG
BS_GJNCYABP	1481	4	3	7	0.00472653612424038	ATRT
BS_GKDWPV3K	918	23	14	37	0.0403050108932462	ATRT
BS_GKZZJ29B	1241	20	10	30	0.024174053182917	EPN
BS_GMDQK06Q	2324	5	13	18	0.00774526678141136	CPG
BS_GMF4ABXJ	2367	43	48	91	0.0384452893958597	GNG
BS_GMJBGBWB	1925	2	11	13	0.00675324675324675	CPG
BS_GNV89A5P	2093	12	12	24	0.0114667940754897	MB
BS_GPEGRCCT	2315	5	13	18	0.00777537796976242	LGG
BS_GR46VD0Q	2622	13	16	29	0.0110602593440122	LGG
BS_GS1KR5PK	2870	25	121	146	0.0508710801393728	MB
BS_GS7Q2JHA	1354	11	5	16	0.0118168389955687	EPN
BS_GSV81YTV	1244	32	26	58	0.0466237942122186	LGG
BS_GTZCFGRZ	2347	14	41	55	0.0234341712824883	GNG
BS_GV3NZ9QD	2296	5	11	16	0.00696864111498258	EPN
BS_GVPKBXC1	2113	38	32	70	0.0331282536677709	ATRT
BS_GW0GKWMS	2108	7	11	18	0.00853889943074004	HGG
BS_GWCRMKE6	2123	3	12	15	0.00706547338671691	LGG
BS_GWHYM3R4	857	44	18	62	0.0723453908984831	HGG
BS_GWSJ4Z9H	2288	8	8	16	0.00699300699300699	HGG
BS_GYA4V1RD	2802	6	10	16	0.00571020699500357	LGG
BS_GYXSDZ56	2260	4	6	10	0.00442477876106195	LGG
BS_H08FEN68	1378	45	158	203	0.147314949201742	LGG
BS_H0QWRJE2	1911	13	9	22	0.0115122972265829	HGG
BS_H0TJS3RZ	1430	31	16	47	0.0328671328671329	GNG
BS_H0WF1WHE	1280	8	8	16	0.0125	LGG
BS_H18EDRJK	1230	15	4	19	0.0154471544715447	CPG
BS_H1XPVS9A	1800	8	11	19	0.0105555555555556	LGG
BS_H1ZS5FMZ	2010	10	11	21	0.0104477611940299	HGG
BS_H3FE3TH9	2274	6	8	14	0.00615655233069481	LGG
BS_H4B5Y6S0	1011	12	9	21	0.0207715133531157	MB
BS_H4NXBD2D	973	6	3	9	0.0092497430626927	EPN
BS_H5VQJR7X	703	27	19	46	0.0654338549075391	HGG
BS_H8A9PSYA	1691	6	4	10	0.00591366055588409	LGG
BS_H97S5SQN	1978	7	4	11	0.00556117290192113	HGG
BS_H9EX5WX3	2349	34	20	54	0.0229885057471264	LGG
BS_H9JYKFTV	1064	5	4	9	0.00845864661654135	HGG
BS_HA20Y4XY	2133	6	7	13	0.00609470229723394	LGG
BS_HB03GSHF	1878	7	7	14	0.00745473908413206	MB
BS_HC44ZA0V	2011	15	19	34	0.016907011437096	EPN
BS_HC5M8JTC	2206	3	7	10	0.00453309156844968	LGG
BS_HD33RVPJ	1020	30	8	38	0.0372549019607843	MB
BS_HD4EJYE3	2351	10	20	30	0.012760527435134	MB
BS_HDPCQETG	873	7	7	14	0.0160366552119129	HGG
BS_HE0WJRW6	2270	18	28	46	0.0202643171806167	HGG
BS_HE57E1RP	1969	8	9	17	0.00863382427628238	MB
BS_HF3RNN2T	1969	7	14	21	0.01066531234129	MB
BS_HHPA8NJ2	1756	6	9	15	0.00854214123006834	MB
BS_HJRTC9JQ	2675	11	24	35	0.0130841121495327	HGG
BS_HJVKKWGP	1391	22	13	35	0.0251617541337168	EPN
BS_HK9P0Q4G	1444	34	9	43	0.0297783933518006	LGG
BS_HKZENFDA	853	1	4	5	0.00586166471277843	MB
BS_HM0R6SXQ	1358	12	5	17	0.0125184094256259	LGG
BS_HM997M0B	838	47	16	63	0.0751789976133652	CPG
BS_HNMQ7488	1491	23	13	36	0.0241448692152917	LGG
BS_HPEYQCY8	590	12	8	20	0.0338983050847458	LGG
BS_HPV4F6VR	1369	16	8	24	0.0175310445580716	CPG
BS_HQ5BJ6MW	1729	5	4	9	0.00520532099479468	LGG
BS_HQDXQ5Y4	767	20	14	34	0.0443285528031291	LGG
BS_HQNTHFJT	859	54	41	95	0.110593713620489	LGG
BS_HQYGYPCV	1278	26	8	34	0.02660406885759	LGG
BS_HRJ9145M	1515	25	16	41	0.0270627062706271	HGG
BS_HSHN8PBB	1903	8	9	17	0.00893326326852338	LGG
BS_HSPV8GXC	99	10	6	16	0.161616161616162	LGG
BS_HSTNFPKW	1049	11	8	19	0.0181124880838894	LGG
BS_HTEPAKCM	1968	15	17	32	0.016260162601626	MB
BS_HTSFDSJR	380	50	21	71	0.186842105263158	EPN
BS_HV8PFRBR	1450	5	7	12	0.00827586206896552	LGG
BS_HVGKX0WY	1848	19	71	90	0.0487012987012987	MB
BS_HWVD3RH0	489	16	4	20	0.0408997955010225	LGG
BS_HX0S30NE	2133	4	8	12	0.00562587904360056	LGG
BS_HX8XJ18H	763	12	3	15	0.0196592398427261	ATRT
BS_HY2GHM23	1628	10	43	53	0.0325552825552826	MB
BS_HYASKY2Z	1063	22	4	26	0.0244590780809031	EPN
BS_HYYWQVTD	1722	16	21	37	0.021486643437863	ATRT
BS_HZ707C55	2157	9	13	22	0.0101993509503941	EPN
BS_HZ9AYDCQ	2187	12	22	34	0.015546410608139	HGG
BS_HZE3KYZ1	1818	7	12	19	0.0104510451045105	MB
BS_HZRM07TW	2165	24	17	41	0.0189376443418014	MB
BS_J1AB8PMA	1956	4	3	7	0.00357873210633947	MB
BS_J483EMFP	2290	17	16	33	0.014410480349345	ATRT
BS_J4JY2F3H	1199	36	17	53	0.0442035029190992	HGG
BS_J4QMPCS6	663	21	8	29	0.0437405731523379	CPG
BS_J5H5VXWY	1269	20	8	28	0.0220646178092987	LGG
BS_J6VKB1VE	1728	11	27	38	0.0219907407407407	LGG
BS_J70GK8SM	687	4	1	5	0.00727802037845706	EPN
BS_J71N7D09	3078	51	147	198	0.064327485380117	MB
BS_J8G4SH4Z	2387	14	22	36	0.0150816925010473	MB
BS_J8VX4D17	2031	7	7	14	0.0068931560807484	EPN
BS_J9CBGP57	2318	12	16	28	0.0120793787748059	HGG
BS_J9M83K8T	1034	13	12	25	0.0241779497098646	GNG
BS_JB43XBCQ	1607	3	3	6	0.00373366521468575	HGG
BS_JC7WDK1A	48		1	1	0.0208333333333333	CPG
BS_JCKGMNR0	679	22	12	34	0.0500736377025037	EPN
BS_JCPKYHKY	2481	10	14	24	0.00967351874244256	CPG
BS_JDSNFYQ0	469	29	12	41	0.0874200426439232	HGG
BS_JDWFEE36	947	51	21	72	0.0760295670538543	LGG
BS_JE6RR750	2283	20	98	118	0.0516863775733684	MB
BS_JFB984RG	1836	3	11	14	0.00762527233115468	MB
BS_JFR750KD	2398	9	14	23	0.00959132610508757	LGG
BS_JG9JZTA9	1830	7	8	15	0.00819672131147541	LGG
BS_JGKZ54SA	1023	13	1	14	0.0136852394916911	LGG
BS_JH29M4KG	2478	7	7	14	0.00564971751412429	LGG
BS_JHGW42S6	2133	8	10	18	0.00843881856540084	EPN
BS_JHTBR7DW	1336	11	27	38	0.0284431137724551	EPN
BS_JJNRHMKM	1119	13	3	16	0.0142984807864164	CPG
BS_JJVH7WR0	1223	5	54	59	0.0482420278004906	HGG
BS_JJW609CE	654	53	36	89	0.136085626911315	MB
BS_JKDKZSX8	484	19	4	23	0.0475206611570248	LGG
BS_JKXA3FQC	2244	7	6	13	0.00579322638146168	LGG
BS_JMD386Z2	392	3	16	19	0.048469387755102	HGG
BS_JMHG7GCN	1824	4	6	10	0.00548245614035088	LGG
BS_JMMPW4G3	1512	46	19	65	0.042989417989418	MB
BS_JN3S2H2Z	296	50	17	67	0.226351351351351	LGG
BS_JNXMRAW1	486	10	8	18	0.037037037037037	LGG
BS_JP95KMRD	1807	9	12	21	0.0116214720531267	HGG
BS_JPHWQ1TV	1921	9	20	29	0.015096304008329	MB
BS_JQGJQ2QZ	1873	10	72	82	0.0437800320341698	HGG
BS_JQVAWTTM	1494	13	13	26	0.0174029451137885	HGG
BS_JQX8GXMG	1366	24	13	37	0.027086383601757	MB
BS_JQXHHK0K	1509	10	32	42	0.0278330019880716	HGG
BS_JR5ATB7G	2346	15	26	41	0.0174765558397272	MB
BS_JRYJGYC4	2160	15	62	77	0.0356481481481482	HGG
BS_JS95PE0J	2084	9	16	25	0.0119961612284069	HGG
BS_JT82QGXF	2065	13	42	55	0.026634382566586	MB
BS_JTMXAMB7	901	3	3	6	0.00665926748057714	MB
BS_JTWNJ8T7	1560	11	45	56	0.0358974358974359	HGG
BS_JVA2NQFF	2438	6	10	16	0.00656275635767022	LGG
BS_JVW2JJ39	2250	29	44	73	0.0324444444444444	HGG
BS_JVZ7AQPV	175	16	16	32	0.182857142857143	HGG
BS_JWSR581E	2278	9	6	15	0.00658472344161545	LGG
BS_JX4QBM9G	1827	24	22	46	0.0251778872468528	GNG
BS_JX7S9MY7	1028	32	11	43	0.0418287937743191	CPG
BS_JXTZSFX3	1046	15	5	20	0.0191204588910134	HGG
BS_JZRM1S3T	2153	8	10	18	0.00836042731072922	MB
BS_K0X3PZGN	1686	16	35	51	0.0302491103202847	HGG
BS_K1024ZPM	1540	18	10	28	0.0181818181818182	EPN
BS_K17VQECG	2040	11	8	19	0.00931372549019608	HGG
BS_K19586VM	899	46	34	80	0.0889877641824249	MB
BS_K25F4J3V	1691	5	9	14	0.00827912477823773	ATRT
BS_K2N1WEZ7	984	8	5	13	0.0132113821138211	HGG
BS_K2PCC777	1691	7	15	22	0.013010053222945	HGG
BS_K2VYFVKZ	2247	9	6	15	0.00667556742323097	LGG
BS_K3ER45RV	2577	15	26	41	0.0159099728366317	MB
BS_K47QA8XB	1942	8	19	27	0.013903192584964	CPG
BS_K57A4A9D	1171	15	21	36	0.0307429547395389	GNG
BS_K5802F84	2751	10	32	42	0.0152671755725191	LGG
BS_K5KWSB7D	1257	24	9	33	0.0262529832935561	EPN
BS_K74N1BXQ	1836	9	15	24	0.0130718954248366	HGG
BS_K74PZET7	2405	11	26	37	0.0153846153846154	MB
BS_K7MVS0Z7	2142	6	11	17	0.00793650793650794	LGG
BS_K81DR8XG	2271	8	13	21	0.00924702774108322	MB
BS_K81PZXP2	2183	30	36	66	0.0302336234539624	HGG
BS_K838XW6V	683	14	8	22	0.0322108345534407	LGG
BS_K88T8SW7	1642	10	12	22	0.0133982947624848	HGG
BS_K8ZGHV4D	829	28	13	41	0.0494571773220748	LGG
BS_KABQQA0T	2408	20	25	45	0.018687707641196	HGG
BS_KB7WDWY8	1734	23	20	43	0.02479815455594	HGG
BS_KBEX4RT2	1545	8	10	18	0.0116504854368932	HGG
BS_KBT7MQ6H	1601	12	9	21	0.0131168019987508	EPN
BS_KDSTG5YY	2074	6	10	16	0.0077145612343298	EPN
BS_KEA474HN	2282	5	9	14	0.00613496932515337	LGG
BS_KFD5128N	300	5	18	23	0.0766666666666667	HGG
BS_KGXP2KJE	1732	20	16	36	0.0207852193995381	MB
BS_KJJZ48WS	660	37	19	56	0.0848484848484849	MB
BS_KKDTW11T	808	48	129	177	0.219059405940594	HGG
BS_KN92S7YQ	2413	19	29	48	0.0198922503108164	MB
BS_KND4B5CW	1464	11	9	20	0.0136612021857923	CPG
BS_KP735TJ6	2214	19	33	52	0.023486901535682	HGG
BS_KPT2WPHW	2184	10	24	34	0.0155677655677656	GNG
BS_KRS4EV4X	1742	21	16	37	0.021239954075775	HGG
BS_KS8HMGA6	1712	10	11	21	0.0122663551401869	HGG
BS_KSC2H2HV	625	29	12	41	0.0656	LGG
BS_KT3C0XCA	1787	23	20	43	0.0240626748740907	EPN
BS_KT975AEF	2162	38	36	74	0.0342275670675301	LGG
BS_KVNGNETA	2025	20	18	38	0.0187654320987654	MB
BS_KVPWHDR4	1725	31	30	61	0.0353623188405797	HGG
BS_KVV7001W	2567	11	23	34	0.0132450331125828	GNG
BS_KWVZXEDS	1020	39	31	70	0.0686274509803922	EPN
BS_KX9ECQZW	1388	16	18	34	0.0244956772334294	MB
BS_KXCY5BN5	2363	9	9	18	0.00761743546339399	ATRT
BS_KXMYBQ6N	1850	8	12	20	0.0108108108108108	EPN
BS_KYF0Q0E7	802	9	8	17	0.0211970074812968	MB
BS_M0FA190Y	1767	7	16	23	0.0130164119977363	HGG
BS_M0QYNVK8	2661	11	15	26	0.00977076287110109	HGG
BS_M0XGZ53Z	420	2	12	14	0.0333333333333333	HGG
BS_M15PW2N0	2480	10	19	29	0.0116935483870968	MB
BS_M1PVEHCM	2032	26	89	115	0.0565944881889764	HGG
BS_M1T1K5WV	2671	13	22	35	0.0131037064769749	EPN
BS_M1XJJA7E	538	20	20	40	0.0743494423791822	HGG
BS_M3C0MZC9	581	24	16	40	0.0688468158347676	EPN
BS_M4923M40	1843	7	13	20	0.010851871947911	ATRT
BS_M4HQAPWK	793	22	7	29	0.0365699873896595	MB
BS_M4NVX721	2157	6	17	23	0.0106629578117756	GNG
BS_M4TTKPNR	2216	7	10	17	0.00767148014440433	LGG
BS_M54TWTH4	964	57	102	159	0.1649377593361	HGG
BS_M7HCF7DW	2557	10	15	25	0.00977708251857646	HGG
BS_M7XB258E	892	18	7	25	0.0280269058295964	HGG
BS_M84H3KXA	995	7	1	8	0.00804020100502513	MB
BS_M85CXHDV	1899	6	8	14	0.00737230121116377	HGG
BS_M86ECPHK	2988	15	41	56	0.0187416331994645	MB
BS_M8M56Z4Y	2037	5	13	18	0.00883652430044183	LGG
BS_M8WP5T16	2269	6	10	16	0.00705156456588806	LGG
BS_MA2T7ET1	1311	13	17	30	0.022883295194508	EPN
BS_MB7WN0ZB	1090	9	3	12	0.0110091743119266	HGG
BS_MBQND18D	954	47	28	75	0.0786163522012579	LGG
BS_MBR71BJA	230	10	7	17	0.0739130434782609	HGG
BS_MBSTWZA6	2485	5	11	16	0.00643863179074447	LGG
BS_MD0937XT	646	3	19	22	0.0340557275541796	HGG
BS_MDBT7S5Z	1797	10	9	19	0.0105731775180857	HGG
BS_ME3HKN2C	1891	4	12	16	0.00846113167636171	LGG
BS_ME6VQGG4	1931	17	29	46	0.0238218539616779	HGG
BS_MF47B9ZW	1460	11	31	42	0.0287671232876712	GNG
BS_MF9X3PKH	2408	9	12	21	0.00872093023255814	LGG
BS_MFGZH8FK	2027	26	19	45	0.0222002960039467	HGG
BS_MG78HQDM	450	3	23	26	0.0577777777777778	HGG
BS_MH8RAG4A	1292	11	38	49	0.0379256965944272	MB
BS_MJKKGY95	2265	14	32	46	0.0203090507726269	CPG
BS_MKM0EEN1	1963	15	46	61	0.0310748853795211	HGG
BS_MKP2Y41Z	1787	5	9	14	0.00783435926133184	EPN
BS_MMNRZ1EQ	1906	9	16	25	0.0131164742917104	ATRT
BS_MN5XVP5A	2326	12	9	21	0.00902837489251935	HGG
BS_MPZ6PKW8	894	16	9	25	0.0279642058165548	EPN
BS_MQCKXD60	984	19	40	59	0.0599593495934959	EPN
BS_MT15SGJN	549	6		6	0.0109289617486339	EPN
BS_MV6ASWV9	1911	11	8	19	0.00994243851386709	ATRT
BS_MVW01FPB	2382	5	17	22	0.00923593618807725	ATRT
BS_MWWZBQ60	2182	11	16	27	0.0123739688359303	HGG
BS_MX92FD6D	1789	9	9	18	0.0100614868641699	LGG
BS_MY9D8XZ1	1619	6	2	8	0.00494132180358246	LGG
BS_N0877CX1	1943	17	29	46	0.0236747297992795	ATRT
BS_N1E0H8YQ	2429	8	19	27	0.0111156854672705	LGG
BS_N1R1VSAG	1252	25	9	34	0.0271565495207668	MB
BS_N210XMKR	1631	11	9	20	0.0122624156958921	LGG
BS_N4B1SZZH	2329	13	17	30	0.012881064834693	MB
BS_N51EV5FZ	505	28	8	36	0.0712871287128713	HGG
BS_N5B2CZMH	1871	18	23	41	0.0219134152859433	LGG
BS_N5DVEJXT	2397	7	23	30	0.0125156445556946	EPN
BS_N5NA83D2	1696	28	52	80	0.0471698113207547	HGG
BS_N6NE6B3W	3208	17	44	61	0.0190149625935162	LGG
BS_N6TQBQ8M	1009	18	12	30	0.0297324083250743	HGG
BS_N7SW36FD	917	22	8	30	0.0327153762268266	HGG
BS_N7VQ1GQB	1040	44	10	54	0.0519230769230769	HGG
BS_N87X1T8T	1603	35	18	53	0.0330630068621335	LGG
BS_N8J1DP02	2343	19	17	36	0.0153649167733675	EPN
BS_N9C2500H	827	23	6	29	0.0350665054413543	MB
BS_NB5XWMJT	1945	6	11	17	0.00874035989717224	LGG
BS_NB9XXBW6	1517	5	5	10	0.00659195781147001	HGG
BS_NBZNAG7Q	1961	12	44	56	0.028556858745538	LGG
BS_NEFAASTR	1684	30	29	59	0.0350356294536817	HGG
BS_NEVYM2FP	1707	3	4	7	0.00410076157000586	HGG
BS_NFJPYMET	1363	51	18	69	0.0506236243580337	EPN
BS_NFKKDYSV	1000	28	8	36	0.036	HGG
BS_NG9X6SJA	1460	21	12	33	0.0226027397260274	LGG
BS_NGHK9RZP	1795	7	6	13	0.00724233983286908	EPN
BS_NGSG2KB6	2342	10	14	24	0.0102476515798463	HGG
BS_NGY0TE6S	1913	17	14	31	0.0162049137480397	CPG
BS_NH7K4CD9	1949	22	76	98	0.0502821959979477	EPN
BS_NJ19NGVS	880	13	4	17	0.0193181818181818	EPN
BS_NKCEJ5YG	1172	29	52	81	0.0691126279863481	MB
BS_NKEAAFMW	2499	12	23	35	0.0140056022408964	MB
BS_NKRYMHEP	2352	15	22	37	0.0157312925170068	MB
BS_NKWZZSTY	414	37	41	78	0.188405797101449	HGG
BS_NNPEC7W1	2058	18	96	114	0.0553935860058309	HGG
BS_NNYXMSTX	981	11	5	16	0.0163098878695209	HGG
BS_NPA6CZQF	1420	7	7	14	0.00985915492957747	HGG
BS_NQ54ST98	2168	33	25	58	0.0267527675276753	HGG
BS_NQB91P48	2227	5	9	14	0.00628648405927256	LGG
BS_NR3P3GN2	1899	7	4	11	0.00579252238020011	HGG
BS_NRFQEQKP	1927	5	5	10	0.00518941359626362	LGG
BS_NRPG5K4K	3384	17	32	49	0.0144799054373522	LGG
BS_NS7GSHB9	1832	4	4	8	0.00436681222707424	LGG
BS_NT9NZYFD	2422	9	16	25	0.0103220478943022	GNG
BS_NTG278B6	1180	18	9	27	0.0228813559322034	ATRT
BS_NVYZW8RR	1023	9	6	15	0.0146627565982405	CPG
BS_NWNB68G0	468	22	11	33	0.0705128205128205	LGG
BS_NWNTY3FZ	806	20	10	30	0.0372208436724566	EPN
BS_NX1R0BC3	1633	9	6	15	0.00918554807103491	HGG
BS_NXC3W5MZ	1180	21	11	32	0.0271186440677966	MB
BS_NY5T05AK	729	10	8	18	0.0246913580246914	LGG
BS_NYS8TRCB	2281	8	9	17	0.00745287154756686	LGG
BS_NZ71XCG3	2649	15	36	51	0.0192525481313703	MB
BS_P277RYX5	1776	13	10	23	0.0129504504504505	GNG
BS_P2Y2NANM	1230	18	5	23	0.0186991869918699	LGG
BS_P412CPXJ	632	23	20	43	0.0680379746835443	LGG
BS_P4PMWFMV	1009	6	5	11	0.0109018830525273	HGG
BS_P5KE73DA	1238	10	4	14	0.0113085621970921	ATRT
BS_P78SMRBS	2108	5	17	22	0.0104364326375712	EPN
BS_P7A4C235	1066	15	5	20	0.0187617260787993	EPN
BS_P7EY9DXG	1932	15	11	26	0.0134575569358178	ATRT
BS_P7W3AYKV	1786	15	42	57	0.0319148936170213	HGG
BS_PAK40AMT	1318	18	11	29	0.0220030349013657	MB
BS_PC107GE3	2350	24	21	45	0.0191489361702128	MB
BS_PDVD0GCM	807	19	9	28	0.0346964064436183	LGG
BS_PENM28KT	797	1	22	23	0.0288582183186951	HGG
BS_PEP9NZXN	2474	8	8	16	0.00646725949878739	LGG
BS_PGD4HRWM	1974	45	99	144	0.0729483282674772	HGG
BS_PGHK1JRW	2046	11	11	22	0.010752688172043	ATRT
BS_PJ1T8CQR	1677	19	20	39	0.0232558139534884	HGG
BS_PJC6FH4Y	1443	7	9	16	0.0110880110880111	HGG
BS_PJPGVD62	1804	20	31	51	0.0282705099778271	EPN
BS_PJTQHTRA	1477	25	18	43	0.029113067027759	EPN
BS_PK18H7E7	2566	14	17	31	0.0120810600155885	LGG
BS_PKW05VZV	1934	4	12	16	0.00827300930713547	GNG
BS_PN2CE34A	2409	17	89	106	0.0440016604400166	LGG
BS_PPGGE3AN	1151	14	2	16	0.0139009556907037	MB
BS_PPV5073N	1511	21	23	44	0.029119788219722	ATRT
BS_PQ7CQFYR	1643	11	37	48	0.029214850882532	GNG
BS_PQVTB6BB	2437	5	14	19	0.00779647107098892	HGG
BS_PRAEF32W	1231	5	6	11	0.00893582453290008	EPN
BS_PRCG6W20	804	15	3	18	0.0223880597014925	LGG
BS_PRR8K9GE	1969	11	7	18	0.00914169629253428	CPG
BS_PS0P3QJ3	466	18	9	27	0.0579399141630901	HGG
BS_PSW27ZTE	1919	6	6	12	0.00625325690463783	EPN
BS_PWDRF91N	1932	14	14	28	0.0144927536231884	LGG
BS_PXCPK5XS	1858	8	15	23	0.0123789020452099	HGG
BS_PZVHMSYN	1868	19	55	74	0.0396145610278373	HGG
BS_Q06J3RYW	1969	25	40	65	0.0330116810563738	HGG
BS_Q13FQ8FV	347	7	41	48	0.138328530259366	HGG
BS_Q2PBFNDF	851	19	10	29	0.0340775558166862	LGG
BS_Q35GFYDR	1344	28	50	78	0.0580357142857143	HGG
BS_Q3TBCK4V	1923	5	5	10	0.00520020800832033	LGG
BS_Q5Q81SPA	1522	8	11	19	0.0124835742444152	EPN
BS_Q5WZYWCT	2065	31	25	56	0.0271186440677966	EPN
BS_Q6VH5GJ8	1540	28	19	47	0.0305194805194805	LGG
BS_Q79NP5YY	1824	2	6	8	0.0043859649122807	LGG
BS_Q7WNW1AS	1042	14	5	19	0.0182341650671785	LGG
BS_Q9N5PRD5	853	27	36	63	0.0738569753810082	HGG
BS_QB84TBA3	2192	33	169	202	0.0921532846715328	HGG
BS_QBMW69AM	1798	58	39	97	0.0539488320355951	LGG
BS_QC3XCE6X	2385	9	18	27	0.0113207547169811	LGG
BS_QE6F8DQW	1819	87	54	141	0.0775151181968114	MB
BS_QEYPFYHD	3692	27	67	94	0.0254604550379198	MB
BS_QF1FGWVF	1345	32	25	57	0.0423791821561338	LGG
BS_QF5VVZX5	1479	9	19	28	0.0189317106152806	GNG
BS_QGKEP3KB	1414	42	37	79	0.0558698727015559	HGG
BS_QH82PBMB	1887	5	5	10	0.00529941706412295	LGG
BS_QMBS32Y2	1176	10	11	21	0.0178571428571429	HGG
BS_QMSNG9QV	121	14	14	28	0.231404958677686	CPG
BS_QNNX91SM	1856	7	7	14	0.00754310344827586	HGG
BS_QPPPGYP4	1779	12	16	28	0.0157391793142215	MB
BS_QQE8MWWV	1187	49	21	70	0.058972198820556	LGG
BS_QRDT19KS	2507	16	32	48	0.0191463901076984	MB
BS_QRNSKFMS	2010	8	8	16	0.00796019900497512	LGG
BS_QTMN8HYC	1020	20	10	30	0.0294117647058824	LGG
BS_QTSXW7DA	2104	5	11	16	0.00760456273764259	LGG
BS_QV51J756	2237	11	19	30	0.0134108180599017	GNG
BS_QWTE1CWR	2495	10	14	24	0.00961923847695391	HGG
BS_QX12J6W1	2180	6	10	16	0.0073394495412844	ATRT
BS_QXKRN6CR	896	12	3	15	0.0167410714285714	EPN
BS_QY2G1JZJ	1817	6	11	17	0.00935608145294441	HGG
BS_QYA4TQXX	1719	75	95	170	0.0988947062245492	HGG
BS_QZAR0AB5	1966	23	35	58	0.0295015259409969	EPN
BS_R13X6TMW	2124	6	13	19	0.00894538606403013	LGG
BS_R244Z0WX	2041	18	16	34	0.0166585007349339	LGG
BS_R3AJB6VS	2620	41	51	92	0.0351145038167939	LGG
BS_R439VVPK	2371	9	31	40	0.0168705187684521	MB
BS_R5JQE0VJ	1213	20	14	34	0.0280296784830998	HGG
BS_R5SNFB5B	2137	15	21	36	0.0168460458586804	HGG
BS_R6WNEEE4	2055	8	8	16	0.00778588807785888	MB
BS_R7HZCZ8B	2233	9	9	18	0.00806090461262875	CPG
BS_R7NTZR4C	1772	6	4	10	0.00564334085778781	HGG
BS_R7V8BC98	1791	13	7	20	0.0111669458403127	LGG
BS_R81XA0F9	554	14	13	27	0.0487364620938628	LGG
BS_R8ZAB797	2380	21	35	56	0.0235294117647059	HGG
BS_R9B92M75	1966	6	7	13	0.00661241098677518	HGG
BS_R9CKW9DY	2565	34	39	73	0.0284600389863548	LGG
BS_RARBBY7C	1147	39	18	57	0.049694856146469	LGG
BS_RC8E5TVQ	564	15	5	20	0.0354609929078014	LGG
BS_RCC8BXVE	2178	14	15	29	0.0133149678604224	MB
BS_RCFQ31XF	1454	2	5	7	0.00481430536451169	EPN
BS_RCX5628Q	1267	12	7	19	0.0149960536700868	MB
BS_RD4D5F9F	2141	4	9	13	0.00607192900513779	MB
BS_RE4X3715	1786	22	12	34	0.019036954087346	MB
BS_REVS37G8	496	26	7	33	0.0665322580645161	ATRT
BS_RFC6CATQ	1540	23	27	50	0.0324675324675325	HGG
BS_RFMQ7T0T	2793	8	22	30	0.0107411385606874	CPG
BS_RGPSEMHC	1379	5	8	13	0.00942712110224801	EPN
BS_RGQH7K0C	2258	27	26	53	0.0234720992028344	MB
BS_RGSMX7QD	1646	5	7	12	0.00729040097205346	GNG
BS_RHAWQJ48	1769	17	96	113	0.0638778971170153	HGG
BS_RHD7XPNP	2247	5	14	19	0.00845571873609257	EPN
BS_RHM60031	1560	25	21	46	0.0294871794871795	HGG
BS_RJC3WDD6	2248	10	52	62	0.0275800711743772	HGG
BS_RKRWCBJT	1664	29	38	67	0.0402644230769231	MB
BS_RMT7ABN6	1369	12	7	19	0.0138787436084733	LGG
BS_RN0VAY51	1813	9	10	19	0.0104798676227248	HGG
BS_RN36XFYH	1597	23	11	34	0.0212899185973701	MB
BS_RNANA568	2707	36	33	69	0.0254894717399335	LGG
BS_RPF3Z9P9	1660	12	12	24	0.0144578313253012	MB
BS_RPH4DCMK	1210	15	18	33	0.0272727272727273	HGG
BS_RPJ1EPHA	1014	12	8	20	0.019723865877712	LGG
BS_RPKA4GF9	803	18	7	25	0.0311332503113325	GNG
BS_RPZQQM2D	433	27	10	37	0.0854503464203233	LGG
BS_RQTTCJ29	723	62	18	80	0.110650069156293	HGG
BS_RRAEQZ97	2180	8	9	17	0.00779816513761468	LGG
BS_RSTH763S	1900	33	25	58	0.0305263157894737	MB
BS_RVSEDNJ4	1667	11	2	13	0.00779844031193761	GNG
BS_RWJZFTP9	2411	7	11	18	0.00746578183326421	LGG
BS_RX1YTZ7F	1473	6	5	11	0.00746775288526816	HGG
BS_RXN5T5YT	1850	7	17	24	0.012972972972973	HGG
BS_RYRWBV7K	1987	19	26	45	0.0226472068444892	MB
BS_RYZG8SPC	1131	13	15	28	0.0247568523430592	LGG
BS_S0175QKX	2384	6	16	22	0.00922818791946309	EPN
BS_S1KK7XRH	2385	3	8	11	0.00461215932914046	LGG
BS_S1M423AB	2579	11	36	47	0.0182241178751454	MB
BS_S1W53RNW	938	37	13	50	0.0533049040511727	CPG
BS_S20SP0WW	1585	7	11	18	0.0113564668769716	HGG
BS_S2TA8R29	1938	4	9	13	0.00670794633642931	HGG
BS_S3MET0JZ	1262	4	24	28	0.0221870047543582	HGG
BS_S50KQEXV	1455	8	4	12	0.00824742268041237	LGG
BS_S56VRTCE	1503	16	15	31	0.0206254158349967	EPN
BS_S5P8VTN5	2003	4	9	13	0.00649026460309536	HGG
BS_S69QZAJR	2501	12	26	38	0.0151939224310276	MB
BS_S6B9DVNS	910	11	36	47	0.0516483516483516	HGG
BS_S6NJRR5W	2015	14	11	25	0.0124069478908189	CPG
BS_S6S7SK3P	2080	35	100	135	0.0649038461538462	HGG
BS_S71RJ8DH	2059	3	11	14	0.00679941719281204	ATRT
BS_S7CZY2CH	1882	5	11	16	0.00850159404888417	LGG
BS_S8K878T3	1750	11	17	28	0.016	HGG
BS_S97F1ZY3	568	16	7	23	0.0404929577464789	MB
BS_S9929Z8B	2004	13	7	20	0.00998003992015968	GNG
BS_SA8BT7AR	1247	8	13	21	0.0168404170008019	MB
BS_SAA624A4	547	21	11	32	0.0585009140767824	EPN
BS_SB12W1XT	2281	16	17	33	0.0144673388864533	HGG
BS_SBMAM00V	1529	26	74	100	0.065402223675605	HGG
BS_SBMCD7XZ	896	37	10	47	0.0524553571428571	HGG
BS_SD0EMK7Y	1750	14	37	51	0.0291428571428571	HGG
BS_SD8YBRBR	2896	29	210	239	0.0825276243093923	HGG
BS_SDA4RMMG	2131	5	8	13	0.00610042233693102	LGG
BS_SDCNP7MW	1633	8	8	16	0.00979791794243723	EPN
BS_SDZY6RZ3	1677	4	4	8	0.00477042337507454	LGG
BS_SERDGASJ	1588	7	6	13	0.00818639798488665	HGG
BS_SFKZSJN1	2263	6	10	16	0.0070702607158639	LGG
BS_SH2S6SFN	675	13	7	20	0.0296296296296296	LGG
BS_SHMC4902	2282	6	5	11	0.00482033304119194	LGG
BS_SJ0HXCD0	428	34	19	53	0.123831775700935	LGG
BS_SKGJ5SY9	2429	10	20	30	0.0123507616303005	MB
BS_SNE31RRX	402	14	3	17	0.0422885572139304	LGG
BS_SNQ9QFPA	1533	8	15	23	0.015003261578604	ATRT
BS_SNVM7CZT	1186	3	5	8	0.00674536256323777	HGG
BS_SQERZ97M	917	19	11	30	0.0327153762268266	LGG
BS_SQX5E15Z	2429	10	12	22	0.00905722519555373	LGG
BS_SR2M85RQ	1378	18	6	24	0.0174165457184325	MB
BS_SR2RGDXJ	1126	46	28	74	0.0657193605683837	HGG
BS_SSDK1WW1	1028	24	14	38	0.0369649805447471	CPG
BS_SV3YAAC1	555	22	8	30	0.0540540540540541	EPN
BS_SVBQN72V	604	13	7	20	0.033112582781457	EPN
BS_SW6YC2DG	319	20	5	25	0.0783699059561129	GNG
BS_SW8C9Y5Y	1188	17	9	26	0.0218855218855219	GNG
BS_SW9Z10F9	1959	64	51	115	0.0587034201123022	HGG
BS_SWRH6FKE	2918	31	65	96	0.0328992460589445	MB
BS_SX56QZRD	1021	33	12	45	0.0440744368266405	ATRT
BS_SXCZ3CXN	2318	12	14	26	0.0112165660051769	EPN
BS_SXRS2P6T	2257	7	8	15	0.00664599025254763	LGG
BS_SY3J3XR9	981	11	38	49	0.0499490316004077	HGG
BS_T0MXH2CA	1023	11	6	17	0.0166177908113392	LGG
BS_T0RKFEKR	1724	2	3	5	0.00290023201856148	LGG
BS_T11NFKSD	586	25	12	37	0.0631399317406143	LGG
BS_T1DVKKJB	2259	6	19	25	0.0110668437361664	EPN
BS_T1QMEH1N	1170	9	2	11	0.0094017094017094	CPG
BS_T1W4JA94	1657	5	1	6	0.00362100181050091	LGG
BS_T1YHK6B7	2074	14	29	43	0.0207328833172613	HGG
BS_T289QKBV	1313	23	11	34	0.0258948971820259	HGG
BS_T2F48Z4E	1836	22	26	48	0.0261437908496732	HGG
BS_T2QPMZCM	2179	4	17	21	0.0096374483708123	LGG
BS_T3DGY9J9	1265	7	1	8	0.00632411067193676	HGG
BS_T3H5AY8A	2019	18	9	27	0.0133729569093611	LGG
BS_T4JFN54G	1222	5	5	10	0.00818330605564648	LGG
BS_T4P3J13C	2242	5	7	12	0.00535236396074933	EPN
BS_T55Y4Z0Y	1998	7	2	9	0.0045045045045045	LGG
BS_T5P5ME9M	1138	27	10	37	0.0325131810193322	LGG
BS_T9A8JJW5	644	3	10	13	0.0201863354037267	HGG
BS_TA4657N3	503	23	8	31	0.0616302186878728	CPG
BS_TA4JQD4N	1035	19	14	33	0.0318840579710145	CPG
BS_TA9WP4TH	2063	21	15	36	0.0174503150751333	MB
BS_TBBZ93A5	1285	55	140	195	0.151750972762646	ATRT
BS_TBWYAFSM	2247	15	19	34	0.0151312861593235	EPN
BS_TCWW2GSK	1047	15	9	24	0.0229226361031519	EPN
BS_TDJXQBVY	549	17	14	31	0.0564663023679417	LGG
BS_TE0GVDNG	1636	9	17	26	0.0158924205378973	MB
BS_TF8R864V	1098	26	16	42	0.0382513661202186	EPN
BS_TG93XC55	2520	13	31	44	0.0174603174603175	GNG
BS_TGS109T3	1934	9	13	22	0.0113753877973113	HGG
BS_TM9MH0RP	2038	5	11	16	0.00785083415112856	HGG
BS_TMTV769C	1960	1	2	3	0.00153061224489796	LGG
BS_TNDYEP8Z	1256	21	9	30	0.0238853503184713	CPG
BS_TNRHHYNC	2195	18	16	34	0.0154897494305239	EPN
BS_TR2P8KRF	941	5	8	13	0.0138150903294368	HGG
BS_TRKH2SPE	2461	15	17	32	0.0130028443722064	HGG
BS_TRPXB3AV	2071	14	29	43	0.0207629164654756	HGG
BS_TRZZRYKF	1121	13	3	16	0.0142729705619982	LGG
BS_TTDNZTZ0	1192	17	13	30	0.0251677852348993	HGG
BS_TTE04ZP8	1867	9	11	20	0.0107123727905731	HGG
BS_TV5B86ZD	1086	10	9	19	0.0174953959484346	HGG
BS_TV80600R	1122	42	19	61	0.054367201426025	LGG
BS_TVH33J9Q	598	7	13	20	0.0334448160535117	HGG
BS_TVV122JG	998	11	6	17	0.0170340681362725	LGG
BS_TW8DQH8J	873	4	5	9	0.0103092783505155	MB
BS_TWFDEMBZ	1018	8	3	11	0.0108055009823183	LGG
BS_TX31A8Z9	914	39	17	56	0.0612691466083151	CPG
BS_TXY8QYWA	2051	9	9	18	0.00877620672842516	EPN
BS_TXZ7KHTQ	1008	7	8	15	0.0148809523809524	HGG
BS_TYAYZ9ZW	2127	7	21	28	0.0131640808650682	MB
BS_TZ5D0A7R	2353	8	19	27	0.0114747131321717	EPN
BS_TZVFR600	1833	7	20	27	0.0147299509001637	MB
BS_V036JAV6	817	41	18	59	0.0722154222766218	LGG
BS_V0DQFC75	913	30	44	74	0.0810514786418401	HGG
BS_V11VZZH8	806	29	8	37	0.0459057071960298	LGG
BS_V1J03963	874	26	10	36	0.0411899313501144	GNG
BS_V2G1YE8R	959	41	25	66	0.0688216892596455	LGG
BS_V33RCK1Y	853	12	6	18	0.0211019929660023	LGG
BS_V3REENH9	866	4	2	6	0.0069284064665127	LGG
BS_V3Z3DB4N	2622	10	16	26	0.0099160945842868	HGG
BS_V4D4YPV1	1678	20	18	38	0.0226460071513707	EPN
BS_V4W81SFC	2288	12	12	24	0.0104895104895105	EPN
BS_V4XCTG09	690	24	9	33	0.0478260869565217	GNG
BS_V558NW3Q	1948	8	24	32	0.0164271047227926	HGG
BS_V6GNQ198	341	14	6	20	0.0586510263929619	CPG
BS_V6RSB5HQ	1688	66	51	117	0.0693127962085308	HGG
BS_V72GX2AZ	1589	7	2	9	0.00566393958464443	LGG
BS_V72H4RQS	1871	11	10	21	0.0112239444147515	MB
BS_V7BJM89K	2375	11	38	49	0.0206315789473684	LGG
BS_V7BZ049H	865	9	4	13	0.015028901734104	LGG
BS_V7GAAQHJ	309	11	7	18	0.058252427184466	HGG
BS_V86F5SDJ	1664	20	17	37	0.0222355769230769	CPG
BS_V89HGTET	2147	6	8	14	0.00652072659524919	LGG
BS_V8QWBVS3	2288	44	41	85	0.0371503496503496	HGG
BS_V92ZMBXX	1460	7	22	29	0.0198630136986301	HGG
BS_V9HVBBDW	2520	10	34	44	0.0174603174603175	MB
BS_VA5T4KAA	2190	13	19	32	0.0146118721461187	MB
BS_VAAHBH60	1957	11	64	75	0.0383239652529382	EPN
BS_VBEY9DVY	641	28	12	40	0.062402496099844	LGG
BS_VBFKFYAP	1549	27	10	37	0.0238863783085862	CPG
BS_VBMRQK4F	1927	13	26	39	0.0202387130254281	HGG
BS_VF3NVT4G	1751	5	16	21	0.0119931467732724	HGG
BS_VF5XWFXD	2313	7	12	19	0.00821444012105491	HGG
BS_VJ2S5DVS	2182	10	23	33	0.0151237396883593	EPN
BS_VJVDJABP	2023	4	9	13	0.00642609985170539	MB
BS_VKHJG2B8	1880	13	21	34	0.0180851063829787	HGG
BS_VKYEM67A	2410	11	27	38	0.0157676348547718	HGG
BS_VMEX27TN	2191	9	19	28	0.012779552715655	MB
BS_VMMJYN8Z	2564	13	16	29	0.0113104524180967	GNG
BS_VMQMGSJY	2288	11	9	20	0.00874125874125874	HGG
BS_VNK9XYV9	2063	8	14	22	0.0106640814348037	CPG
BS_VP3C8WZT	1823	5	6	11	0.00603400987383434	LGG
BS_VP5Y45Z7	1916	7	13	20	0.0104384133611691	LGG
BS_VPBMDMQX	2363	3	37	40	0.0169276343630978	MB
BS_VPMKHW9X	1781	10	19	29	0.0162829870859068	CPG
BS_VQCCYTM5	1571	15	11	26	0.0165499681731381	MB
BS_VR7FR1NE	1817	7	2	9	0.00495321959273528	LGG
BS_VSSBS981	1834	53	40	93	0.0507088331515812	LGG
BS_VT6C6N6K	1950	7	5	12	0.00615384615384615	MB
BS_VVFBW0YH	1992	13	20	33	0.016566265060241	MB
BS_VVTHDRBD	1849	12	8	20	0.0108166576527853	HGG
BS_VXMYES3W	916	26	21	47	0.0513100436681223	MB
BS_VZJ7403W	1406	33	31	64	0.0455192034139403	HGG
BS_VZWXGYT2	631	42	26	68	0.107765451664025	LGG
BS_W0FZ9YCY	715	21	8	29	0.0405594405594406	MB
BS_W1385R8Y	1679	10	24	34	0.0202501488981537	HGG
BS_W311713R	1938	18	33	51	0.0263157894736842	MB
BS_W4DB5RP1	1915	22	98	120	0.0626631853785901	HGG
BS_W4H1D4Y6	1740	10	11	21	0.0120689655172414	HGG
BS_W4HGV6E7	3025	16	28	44	0.0145454545454545	LGG
BS_W568T9CS	1386	24	16	40	0.0288600288600289	EPN
BS_W7379M7V	1916	15	44	59	0.0307933194154489	MB
BS_W7MFJZ5A	1740	2	10	12	0.00689655172413793	HGG
BS_W80TJC27	766	4		4	0.00522193211488251	EPN
BS_W97QQYKQ	2377	9	13	22	0.00925536390408077	GNG
BS_W9AT0MR7	2085	18	24	42	0.0201438848920863	MB
BS_W9N9844Q	2725	9	23	32	0.011743119266055	HGG
BS_WAXJY4XQ	1806	14	2	16	0.008859357696567	HGG
BS_WBPTY8NH	1938	22	12	34	0.0175438596491228	HGG
BS_WBVSK3MP	892	4	23	27	0.0302690582959641	HGG
BS_WCRKYV0T	2053	14	28	42	0.0204578665367755	LGG
BS_WEKK6SHP	1031	45	45	90	0.0872938894277401	HGG
BS_WERNRP82	139	13	6	19	0.136690647482014	GNG
BS_WETH5SAH	854	6	5	11	0.0128805620608899	EPN
BS_WF04GGTX	1657	23	17	40	0.024140012070006	MB
BS_WFD0GE5X	2158	7	12	19	0.00880444856348471	EPN
BS_WFN6BS0T	609	30	18	48	0.0788177339901478	HGG
BS_WFQT9J8Q	374	37	24	61	0.163101604278075	EPN
BS_WGK8ZMVA	1921	2	6	8	0.00416449765747007	EPN
BS_WH5HDE0A	2618	13	23	36	0.0137509549274255	MB
BS_WH8G4VFB	1787	49	202	251	0.140458869613878	HGG
BS_WHBEXD5H	1465	21	23	44	0.0300341296928328	HGG
BS_WK0FA4W7	583	26	13	39	0.0668953687821612	HGG
BS_WQ0K79EA	814	36	14	50	0.0614250614250614	EPN
BS_WQ1YRTAT	2679	29	105	134	0.0500186636804778	HGG
BS_WQ5FDHF8	2181	51	27	78	0.0357634112792297	EPN
BS_WRHDP7WF	3005	11	25	36	0.0119800332778702	EPN
BS_WRQHPSXQ	2209	5	9	14	0.006337709370756	GNG
BS_WRQM11XH	1053	34	24	58	0.0550807217473884	MB
BS_WTJEDTZC	690	23	8	31	0.0449275362318841	HGG
BS_WV0S8N4M	2359	10	13	23	0.00974989402289106	ATRT
BS_WVRX4C9Z	1820	5	11	16	0.00879120879120879	LGG
BS_WVW3W6ZB	1821	6	6	12	0.00658978583196046	ATRT
BS_WWKNJSJ5	2632	13	85	98	0.0372340425531915	ATRT
BS_WYERXS4G	744	6	3	9	0.0120967741935484	EPN
BS_WYMX429C	1231	18	5	23	0.0186839967506093	LGG
BS_WZZN982T	881	49	23	72	0.0817253121452894	MB
BS_X0F9AYEC	2249	7	13	20	0.00889284126278346	LGG
BS_X0XXN9BK	1980	8	17	25	0.0126262626262626	HGG
BS_X16PENSA	2408	7	16	23	0.0095514950166113	LGG
BS_X1S67ZEA	1679	16	13	29	0.0172721858248958	EPN
BS_X20JCR4H	2354	15	34	49	0.0208156329651657	HGG
BS_X23724NJ	2733	8	20	28	0.0102451518477863	HGG
BS_X2EDW2ZB	1536	24	10	34	0.0221354166666667	GNG
BS_X31DBRN7	754	28	9	37	0.0490716180371353	CPG
BS_X3HR4Z21	1600	24	8	32	0.02	HGG
BS_X4DD4KSZ	2476	7	14	21	0.00848142164781906	HGG
BS_X4X1SFSE	1148	9	4	13	0.0113240418118467	HGG
BS_X56KVW29	470	27	9	36	0.0765957446808511	MB
BS_X59HSFGG	1942	5	6	11	0.00566426364572606	LGG
BS_X5DFR216	695	21	12	33	0.0474820143884892	LGG
BS_X67GTEM6	2092	8	8	16	0.00764818355640535	EPN
BS_X6GFVDVA	1196	9	9	18	0.0150501672240803	LGG
BS_X91K8KMG	1713	4	6	10	0.00583771161704612	LGG
BS_X9EGD530	2064	9	13	22	0.0106589147286822	LGG
BS_XC0PNBG2	2196	17	13	30	0.0136612021857923	MB
BS_XF0ZX2B3	959	8	3	11	0.0114702815432742	EPN
BS_XG0DBWVT	2348	16	21	37	0.0157580919931857	HGG
BS_XGDPK33A	3243	18	33	51	0.0157261794634598	HGG
BS_XGSA3GQE	2119	3	7	10	0.0047192071731949	LGG
BS_XHCYEE2S	2604	9	23	32	0.0122887864823349	CPG
BS_XKKB4MZV	1797	9	11	20	0.0111296605453534	LGG
BS_XM1AHBDJ	749	30	10	40	0.0534045393858478	HGG
BS_XNWNXKAD	1617	23	23	46	0.028447742733457	MB
BS_XPBEHJ77	398	27	16	43	0.108040201005025	EPN
BS_XQ5SFW35	1800	6	10	16	0.00888888888888889	HGG
BS_XQYHPBFS	1944	13	8	21	0.0108024691358025	EPN
BS_XTH0NPVQ	454	13	20	33	0.0726872246696035	HGG
BS_XV4GV9Y9	1556	44	20	64	0.0411311053984576	LGG
BS_XVX21VNP	1783	39	157	196	0.109927089175547	MB
BS_XX39AH8F	389	28	15	43	0.110539845758355	LGG
BS_XYVCMF4A	932	65	46	111	0.119098712446352	HGG
BS_XZM79E42	1408	7	9	16	0.0113636363636364	HGG
BS_Y0PCBNJV	2125	2	4	6	0.00282352941176471	LGG
BS_Y274AC0H	1073	11	5	16	0.0149114631873253	LGG
BS_Y6D7QZM4	2266	51	45	96	0.0423654015887026	HGG
BS_Y7F9E2E9	2380	7	16	23	0.00966386554621849	LGG
BS_Y7H24JZG	1169	14	9	23	0.0196749358426005	GNG
BS_Y7W8BR6B	1627	33	27	60	0.0368776889981561	LGG
BS_Y89WNXXD	1268	14	12	26	0.0205047318611987	MB
BS_Y8D1F5WW	2445	9	20	29	0.0118609406952965	MB
BS_YA0KMBRT	3270	23	54	77	0.0235474006116208	HGG
BS_YA8RBGD8	2399	8	9	17	0.0070862859524802	LGG
BS_YASWHXJC	818	9	3	12	0.0146699266503667	LGG
BS_YB1TNZMX	1733	22	91	113	0.0652048470859781	CPG
BS_YBGXGEM3	1757	17	8	25	0.0142287990893569	LGG
BS_YBGZ4BRP	346	19	16	35	0.101156069364162	GNG
BS_YCREDZTJ	2281	11	10	21	0.00920648838228847	LGG
BS_YDEVMD24	1134	15	7	22	0.0194003527336861	HGG
BS_YEB88D32	2032	8	25	33	0.016240157480315	MB
BS_YEQVW4ND	1932	8	11	19	0.0098343685300207	LGG
BS_YETBN0RQ	2041	8	8	16	0.00783929446349829	MB
BS_YEW22W35	2085	7	8	15	0.00719424460431655	HGG
BS_YFKQYA50	1358	21	15	36	0.0265095729013255	ATRT
BS_YG0A13JH	1087	19	94	113	0.103955841766329	LGG
BS_YGWTGBWR	1976	14	27	41	0.020748987854251	MB
BS_YH05F9DB	2012	11	14	25	0.0124254473161034	CPG
BS_YH817HDT	1096	11	11	22	0.0200729927007299	LGG
BS_YMAJC22S	2439	9	27	36	0.014760147601476	LGG
BS_YMKQT5V0	1813	12	26	38	0.0209597352454495	HGG
BS_YMKX1VP4	2800	63	68	131	0.0467857142857143	MB
BS_YQFX2Y00	1172	30	14	44	0.037542662116041	EPN
BS_YR12D1ZY	1517	4	11	15	0.00988793671720501	HGG
BS_YR1XY6SF	1665	20	9	29	0.0174174174174174	HGG
BS_YT4E515V	1708	34	14	48	0.0281030444964871	LGG
BS_YTMHB7J1	1811	22	81	103	0.0568746548868029	MB
BS_YTTMKCBX	1690	19	14	33	0.0195266272189349	EPN
BS_YTWEM5SG	1942	8	15	23	0.0118434603501545	HGG
BS_YVEEXAAT	1032	67	46	113	0.109496124031008	LGG
BS_YVMEEBKC	2461	6	12	18	0.00731409995936611	LGG
BS_YWHJY99A	1757	6	13	19	0.0108138873079112	MB
BS_YWJKHMXV	1592	14	8	22	0.0138190954773869	LGG
BS_YXP55JEG	1708	29	12	41	0.0240046838407494	MB
BS_YY5B2XDD	1782	7	7	14	0.00785634118967452	LGG
BS_YZ2QFDAN	2215	21	22	43	0.0194130925507901	HGG
BS_YZ2Z1Q6Y	1300	11	38	49	0.0376923076923077	LGG
BS_YZM9RFVD	1652	19	19	38	0.0230024213075061	EPN
BS_Z0AVVB1V	2210	6	7	13	0.00588235294117647	LGG
BS_Z0ZPD9S9	1135	34	12	46	0.0405286343612335	HGG
BS_Z1A875MW	2195	6	12	18	0.0082004555808656	LGG
BS_Z3RCA1T9	2660	8	19	27	0.0101503759398496	HGG
BS_Z45HD492	1930	5	11	16	0.00829015544041451	MB
BS_Z5ATH1YR	1060	41	25	66	0.0622641509433962	LGG
BS_Z6BWR941	2366	5	7	12	0.00507185122569738	LGG
BS_Z7890YNR	2101	14	12	26	0.0123750594954783	EPN
BS_Z7Y2466H	2144	6	11	17	0.00792910447761194	LGG
BS_Z8F3GM85	2224	12	13	25	0.0112410071942446	HGG
BS_Z8YZ6QGS	2226	11	12	23	0.0103324348607367	HGG
BS_Z9BBQBA7	1625	12	100	112	0.0689230769230769	MB
BS_ZC1194Z8	581	26	11	37	0.0636833046471601	EPN
BS_ZD5HN296	1454	5	4	9	0.0061898211829436	HGG
BS_ZDJEXPYG	2630	34	56	90	0.0342205323193916	MB
BS_ZEV0M416	1233	12	5	17	0.0137875101378751	ATRT
BS_ZF34SJGN	1901	9	15	24	0.0126249342451341	CPG
BS_ZF6BSFNF	2064	7	11	18	0.00872093023255814	HGG
BS_ZHRGDRBW	2626	41	46	87	0.0331302361005331	GNG
BS_ZJC7VQNA	722	24	21	45	0.0623268698060942	EPN
BS_ZJY7Y34M	1527	21	20	41	0.0268500327439424	GNG
BS_ZK6WE17T	2084	7	24	31	0.0148752399232246	GNG
BS_ZM97KKXE	2542	21	37	58	0.022816679779701	HGG
BS_ZMZTCQRM	1103	69	45	114	0.103354487760653	MB
BS_ZRF3A49T	378	19	10	29	0.0767195767195767	LGG
BS_ZRM0W01M	1863	8	20	28	0.0150295222758991	LGG
BS_ZT3QMF6F	352	27	15	42	0.119318181818182	HGG
BS_ZTWGFWTX	1679	11	5	16	0.00952948183442525	LGG
BS_ZV1P6W9C	1886	11	10	21	0.0111346765641569	HGG
BS_ZV68CES9	2587	12	24	36	0.0139157325086973	MB
BS_ZV9Z3SY6	1964	9	6	15	0.00763747454175153	LGG
BS_ZVX2GRD6	1778	12	10	22	0.0123734533183352	LGG
BS_ZVZDDW2G	1916	4	6	10	0.00521920668058455	LGG
BS_ZWR9W4FX	2088	5	10	15	0.00718390804597701	CPG
BS_ZXYDSBM9	2337	16	22	38	0.016260162601626	MB
BS_ZYBZRQRC	1480	14	8	22	0.0148648648648649	MB
BS_ZYVWSXNK	1101	29	5	34	0.0308810172570391	EPN
BS_ZZMYDZJW	2212	6	6	12	0.0054249547920434	LGG
BS_ZZWMD6FA	2444	8	13	21	0.0085924713584288	GNG
