Sample	Total	AS_neg	AS_pos	AS_total	SI	Histology
BS_00FD2KMP	3448	36	51	87	0.0252320185614849	HGG
BS_00W5QB9S	1709	57	28	85	0.0497366881217086	EPN
BS_014EVM2D	2787	12	12	24	0.00861141011840689	LGG
BS_028YFYJ6	2912	103	39	142	0.0487637362637363	HGG
BS_02NZT8CE	3116	4	5	9	0.00288831835686778	LGG
BS_03FT4S8B	5169	4	22	26	0.00502998645772877	CPG
BS_044XZ8ST	4145	9	2	11	0.00265379975874548	LGG
BS_052PZFMK	1723	19	20	39	0.0226349390597795	HGG
BS_056Q8577	3014	9	237	246	0.0816191108161911	HGG
BS_063ERW0R	3426	6	8	14	0.00408639813193228	LGG
BS_06AMMCXR	3924	7	9	16	0.00407747196738022	LGG
BS_07ANYSYQ	2882	29	21	50	0.0173490631505899	EPN
BS_08B376A6	3076	20	18	38	0.0123537061118336	MB
BS_08TWG4K0	1453	22	10	32	0.0220233998623537	HGG
BS_09Z7TC35	3857	62	18	80	0.0207415089447757	MB
BS_0BTXD5M6	3096	31	12	43	0.0138888888888889	MB
BS_0BXY0F9N	2806	18	17	35	0.0124732715609408	EPN
BS_0C00AYTE	2638	68	32	100	0.0379075056861259	HGG
BS_0C7VZC0A	3755	24	6	30	0.00798934753661784	HGG
BS_0D5VRAKC	1169	242	130	372	0.318220701454234	LGG
BS_0EB67GB4	2673	45	19	64	0.0239431350542462	MB
BS_0HKNEFQC	2191	72	21	93	0.0424463715198539	MB
BS_0J9SHHSC	4708	15	5	20	0.00424808836023789	LGG
BS_0JAKSXQP	688	57	21	78	0.113372093023256	LGG
BS_0Q71ZPDX	1425	203	460	663	0.465263157894737	ATRT
BS_0QYS36NR	2647	29	7	36	0.0136003022289384	EPN
BS_0S8E7590	3494	21	59	80	0.0228963938179737	HGG
BS_0SCXXM6N	2730	8	4	12	0.0043956043956044	LGG
BS_0T17SY47	4047	23	14	37	0.00914257474672597	LGG
BS_0TDWG2CV	3040	69	17	86	0.0282894736842105	LGG
BS_0VXZCRJS	2539	6	12	18	0.00708940527766837	HGG
BS_0WQJP6ZG	1287	11	9	20	0.0155400155400155	EPN
BS_0WVJYM9R	3875	11	10	21	0.00541935483870968	LGG
BS_0WZKC4JH	1973	211	104	315	0.159655347187025	LGG
BS_0X9EGHY2	2193	39	17	56	0.0255357957136343	LGG
BS_0XEG6SNV	4484	30	172	202	0.0450490633363069	EPN
BS_0XHT9W4Q	3226	35	30	65	0.0201487910725356	HGG
BS_0Y5J2AQ4	1958	38	7	45	0.0229826353421859	LGG
BS_0Y66ZBWE	3542	16	13	29	0.00818746470920384	LGG
BS_0ZA67BBC	2638	8	10	18	0.00682335102350265	HGG
BS_10Z9BMZ7	2339	52	30	82	0.0350577169730654	MB
BS_12G04QJM	1109	152	58	210	0.189359783588819	HGG
BS_130PVKA7	341	66	30	96	0.281524926686217	LGG
BS_13CGKADW	3187	11	2	13	0.00407907122685911	LGG
BS_15ETQ0E4	2888	13	13	26	0.00900277008310249	ATRT
BS_166N7SZQ	1428	72	22	94	0.0658263305322129	LGG
BS_16KA9ZAW	651	19	5	24	0.0368663594470046	LGG
BS_17WYVEEC	2519	16	6	22	0.00873362445414847	LGG
BS_17ZSMXFH	1788	14	78	92	0.0514541387024608	HGG
BS_18M3RHYN	3674	75	34	109	0.0296679368535656	EPN
BS_196BBNEJ	3077	18	11	29	0.00942476438089048	EPN
BS_19Z0ERYF	2779	19	14	33	0.0118747750989565	MB
BS_1A6MQ9ZA	1689	18	4	22	0.0130254588513914	HGG
BS_1AYRM596	2646	22	18	40	0.0151171579743008	MB
BS_1BJNPHMD	3251	33	17	50	0.0153798831128883	HGG
BS_1BWP5MCT	3924	24	222	246	0.0626911314984709	MB
BS_1D93Z575	4026	202	84	286	0.0710382513661202	HGG
BS_1DECYC4K	2794	27	12	39	0.0139584824624195	LGG
BS_1DMAMKFZ	3307	42	34	76	0.0229815542788025	MB
BS_1DNQ1R02	2777	19	125	144	0.0518545192653943	HGG
BS_1EBQ3T20	2950	9	13	22	0.00745762711864407	HGG
BS_1EN5V3XW	3486	13	12	25	0.00717154331612163	HGG
BS_1G3WYEN3	3326	8	9	17	0.00511124473842453	LGG
BS_1HFK0SXV	2933	19	26	45	0.0153426525741562	CPG
BS_1HYS8CSC	1456	26	14	40	0.0274725274725275	LGG
BS_1J2WQ08M	4029	10	14	24	0.00595681310498883	EPN
BS_1JDG6JV5	3810	12	6	18	0.0047244094488189	LGG
BS_1JNJ0NJ6	1897	50	19	69	0.0363732208750659	CPG
BS_1N76FQZY	2209	37	10	47	0.0212765957446809	LGG
BS_1NPD7PVG	3116	19	14	33	0.0105905006418485	GNG
BS_1QNTEZPS	3616	6	11	17	0.00470132743362832	ATRT
BS_1QXEC43H	3732	21	16	37	0.00991425509110396	MB
BS_1RXZ3BP7	3371	9	14	23	0.0068229012162563	LGG
BS_1TWCV047	2894	18	47	65	0.0224602626123013	MB
BS_1VNMJHMN	2086	40	21	61	0.0292425695110259	LGG
BS_1XFFNFY0	1883	74	16	90	0.0477960701009028	EPN
BS_1Z2CNQEC	1211	58	21	79	0.0652353426919901	MB
BS_1Z9AX9JS	1061	46	19	65	0.061262959472196	LGG
BS_1ZVXF5FE	2749	24	14	38	0.0138232084394325	LGG
BS_1ZWSD3YQ	1949	95	22	117	0.0600307850179579	MB
BS_21ET39G7	4217	13	14	27	0.00640265591652834	HGG
BS_21RE8W46	3835	42	82	124	0.0323337679269883	LGG
BS_21XGYWWV	3476	107	44	151	0.0434407364787112	LGG
BS_22078RXH	1302	54	33	87	0.0668202764976959	CPG
BS_22B80N9T	3179	26	231	257	0.0808430324001258	MB
BS_22QMSCFR	855	123	79	202	0.23625730994152	MB
BS_238MGRTM	1550	80	45	125	0.0806451612903226	EPN
BS_23QW0BBA	2935	12	9	21	0.00715502555366269	HGG
BS_23W9EPFE	2502	133	76	209	0.083533173461231	GNG
BS_24AHZ9ZW	3967	12	6	18	0.00453743382908999	LGG
BS_258RRGDM	2924	15	7	22	0.00752393980848153	GNG
BS_25KYGJ71	1752	63	26	89	0.0507990867579909	HGG
BS_26H7DZD4	1391	89	62	151	0.108554996405464	MB
BS_2720P44V	2628	6	5	11	0.00418569254185693	LGG
BS_27FYYPJG	1469	45	7	52	0.0353982300884956	GNG
BS_27QE6BV7	3123	26	7	33	0.010566762728146	GNG
BS_2853394H	2823	46	31	77	0.0272759475735034	HGG
BS_297H8BT4	898	69	14	83	0.0924276169265033	HGG
BS_29CPJ040	3166	16	7	23	0.00726468730259002	LGG
BS_29TRQXWM	2230	42	14	56	0.0251121076233184	LGG
BS_29X4ZX6Q	3520	30	17	47	0.0133522727272727	HGG
BS_29YQ60CP	2825	128	362	490	0.173451327433628	MB
BS_2A5R9MEJ	3683	8	12	20	0.00543035568829758	HGG
BS_2ADZNNV4	2880	6	4	10	0.00347222222222222	LGG
BS_2AR3AP0N	3308	14	13	27	0.00816203143893591	GNG
BS_2ARXK0TD	2824	6	78	84	0.0297450424929178	HGG
BS_2AV1H5TV	446	108	50	158	0.354260089686099	HGG
BS_2CW8AGZ2	3280	122	54	176	0.0536585365853659	CPG
BS_2D1R9SBY	1972	237	141	378	0.191683569979716	GNG
BS_2E9VDD00	540	33	12	45	0.0833333333333333	LGG
BS_2EDZ7F2G	398	43	34	77	0.193467336683417	HGG
BS_2EMW8ZG3	2714	26	10	36	0.0132645541635962	LGG
BS_2EN3X6HB	1247	15	7	22	0.0176423416198877	HGG
BS_2FEZWH1F	3016	53	38	91	0.0301724137931034	HGG
BS_2G4EH95X	3117	20	16	36	0.0115495668912416	MB
BS_2GSAPE1R	494	92	39	131	0.265182186234818	HGG
BS_2HNXVFAS	3311	36	61	97	0.0292962851102386	HGG
BS_2JP7RBMB	3300	12	12	24	0.00727272727272727	HGG
BS_2K01T8K6	2401	22	11	33	0.0137442732194919	HGG
BS_2KJ2YAZR	3414	3	8	11	0.00322202694786175	LGG
BS_2M4174KG	2060	35	9	44	0.0213592233009709	MB
BS_2QCQYY6M	1203	217	91	308	0.256026600166251	GNG
BS_2R9HK6YY	1786	33	19	52	0.0291153415453527	LGG
BS_2R9TCR03	2752	21	8	29	0.0105377906976744	LGG
BS_2SFTWNVE	4230	7	21	28	0.0066193853427896	MB
BS_2T5PJAW8	1090	81	27	108	0.0990825688073395	HGG
BS_2WANPFBJ	1727	225	181	406	0.235089751013318	HGG
BS_2WPQ8YCW	2276	17	9	26	0.0114235500878735	LGG
BS_2XM08BFY	2107	62	24	86	0.0408163265306122	LGG
BS_2YCJV2VV	3164	8	7	15	0.00474083438685209	LGG
BS_2Z1MKS84	4006	12	7	19	0.00474288567149276	MB
BS_304SPN6B	1993	29	9	38	0.0190667335674862	LGG
BS_30F3Z9FS	3488	18	129	147	0.042144495412844	HGG
BS_30VC3R2Q	3228	15	9	24	0.00743494423791822	HGG
BS_30YWQ3FY	2398	117	198	315	0.131359466221852	HGG
BS_31MBRWC4	2883	8	187	195	0.0676378772112383	HGG
BS_31TF0P1N	1916	40	10	50	0.0260960334029228	ATRT
BS_333KCNDP	2311	18	84	102	0.0441367373431415	HGG
BS_33AQSPRP	1139	229	65	294	0.258121158911326	LGG
BS_34201DKZ	3444	22	4	26	0.00754936120789779	EPN
BS_34CAMM62	1774	64	17	81	0.0456595264937993	MB
BS_397XFJY9	969	64	14	78	0.0804953560371517	MB
BS_399RPKC9	3329	8	6	14	0.00420546710723941	HGG
BS_3A9BTVZJ	1707	84	40	124	0.0726420620972466	EPN
BS_3AC3SRWH	502	42	19	61	0.121513944223108	HGG
BS_3BVVWHP5	3058	19	15	34	0.0111183780248528	LGG
BS_3EVSN5QD	2597	13	10	23	0.00885637273777436	LGG
BS_3F5PR9GS	3000	19	21	40	0.0133333333333333	MB
BS_3G3KWY18	3233	11	9	20	0.00618620476337767	LGG
BS_3GAN6Q43	2469	177	78	255	0.103280680437424	LGG
BS_3GDARCHK	2967	13	122	135	0.0455005055611729	CPG
BS_3HGBZBGA	818	73	25	98	0.119804400977995	CPG
BS_3J89DCN0	374	37	209	246	0.657754010695187	HGG
BS_3MS8WVNR	3597	9	7	16	0.00444815123714206	HGG
BS_3MYEMXPQ	2993	14	27	41	0.0136986301369863	MB
BS_3N2YFZFB	3070	22	392	414	0.13485342019544	MB
BS_3NQB12XN	3755	154	98	252	0.0671105193075899	EPN
BS_3NWQXPQV	3136	37	57	94	0.0299744897959184	MB
BS_3P20Q2C3	3794	11	14	25	0.00658935160780179	LGG
BS_3PYESPHA	2854	32	12	44	0.01541695865452	GNG
BS_3Q0GTSYH	2869	25	4	29	0.0101080515859184	LGG
BS_3RAM3K7B	3926	32	28	60	0.0152827305145186	MB
BS_3SZZ50WB	2142	37	15	52	0.0242763772175537	MB
BS_3TFMJH30	215	44	15	59	0.274418604651163	LGG
BS_3TJHY996	2456	50	26	76	0.0309446254071661	GNG
BS_3TQSE8HF	3573	18	21	39	0.0109151973131822	LGG
BS_3V3KE3VT	3599	11	41	52	0.0144484579049736	MB
BS_3VJ0CA6A	2079	22	7	29	0.0139490139490139	LGG
BS_3W07B2TG	3551	18	6	24	0.00675865953252605	LGG
BS_3X9WMZGJ	2631	18	8	26	0.00988217407829723	EPN
BS_3XY76V8T	3428	17	7	24	0.00700116686114352	GNG
BS_3XYJBBHQ	1540	55	21	76	0.0493506493506494	HGG
BS_3Y2X2RBJ	3447	45	15	60	0.0174064403829417	LGG
BS_3ZPJAK9A	2798	98	77	175	0.0625446747676912	HGG
BS_401R3KV0	3142	7	15	22	0.00700190961171229	LGG
BS_418N847Z	2687	27	10	37	0.0137700037216226	EPN
BS_41YS708B	3215	20	11	31	0.00964230171073095	CPG
BS_42DY6WS7	3514	6	15	21	0.00597609561752988	LGG
BS_42Y3YANN	3555	3	5	8	0.00225035161744023	LGG
BS_45J79YTF	2719	23	22	45	0.0165502022802501	HGG
BS_46MF83WA	1874	65	19	84	0.0448239060832444	MB
BS_470DYRJQ	3321	7	2	9	0.002710027100271	LGG
BS_474A88X1	483	82	27	109	0.225672877846791	LGG
BS_478TN841	3301	24	9	33	0.00999697061496516	GNG
BS_47SJZ3PH	2495	3	11	14	0.00561122244488978	LGG
BS_49852ZBH	4016	5	3	8	0.00199203187250996	LGG
BS_49BQS7Z6	3535	16	6	22	0.00622347949080622	HGG
BS_49CJNZ06	3454	32	16	48	0.0138969310943833	HGG
BS_49FQXT2E	3336	22	9	31	0.00929256594724221	HGG
BS_4A45GGSW	3256	8	3	11	0.00337837837837838	LGG
BS_4B0BAVTX	3539	7	8	15	0.00423848544786663	HGG
BS_4BM3F6XJ	1508	61	15	76	0.0503978779840849	HGG
BS_4BWB0FA0	3025	68	22	90	0.0297520661157025	LGG
BS_4C4MZ4NT	2911	13	7	20	0.00687049124012367	LGG
BS_4C6B11E4	1749	21	16	37	0.0211549456832476	HGG
BS_4CP4T22V	2633	8	29	37	0.0140524116976833	MB
BS_4CXE5XEP	1917	26	11	37	0.019300991131977	LGG
BS_4D9DD103	4312	25	9	34	0.00788497217068646	MB
BS_4E1G7E3G	3820	168	234	402	0.105235602094241	ATRT
BS_4EN8D8Y4	3124	24	24	48	0.0153649167733675	LGG
BS_4FZS7TX4	2015	22	4	26	0.0129032258064516	EPN
BS_4GNN7J8E	2518	9	13	22	0.00873709293089754	HGG
BS_4HQ3T2NC	3309	5	5	10	0.00302206104563312	LGG
BS_4K2TNJ8R	589	136	52	188	0.31918505942275	LGG
BS_4KNBXM3C	2898	48	41	89	0.0307108350586611	HGG
BS_4N1GNHX4	2002	96	22	118	0.0589410589410589	LGG
BS_4NF35AF6	3422	10	13	23	0.00672121566335476	LGG
BS_4NWHYH53	1624	9	16	25	0.0153940886699507	EPN
BS_4PBXY1E3	4028	62	18	80	0.0198609731876862	MB
BS_4PH1MBGR	4121	8	18	26	0.00630914826498423	MB
BS_4PPHAQXF	2599	4	13	17	0.00654097729896114	HGG
BS_4PWDGEB0	1942	14	7	21	0.0108135942327497	HGG
BS_4QW2S1Q8	3662	10	10	20	0.00546149645002731	HGG
BS_4SCWT0FX	2410	11	5	16	0.00663900414937759	EPN
BS_4T0HPZDC	2997	17	11	28	0.00934267600934268	EPN
BS_4T0HQ9QF	1513	98	34	132	0.0872438863185724	HGG
BS_4TZQY7TT	746	68	24	92	0.123324396782842	LGG
BS_4V42BXBT	2980	44	37	81	0.0271812080536913	HGG
BS_4W1PKKYD	1872	62	16	78	0.0416666666666667	LGG
BS_4W68NV3M	3430	28	39	67	0.019533527696793	MB
BS_4XH092HE	4107	50	23	73	0.0177745312880448	LGG
BS_4Y2JAQTS	2455	100	43	143	0.0582484725050917	GNG
BS_4Y6BCYK5	3232	18	11	29	0.00897277227722772	LGG
BS_4Y93HVP4	2573	27	8	35	0.0136027982899339	LGG
BS_4Z2F4P9N	4170	4	12	16	0.00383693045563549	LGG
BS_503DZ8BN	2593	66	19	85	0.0327805630543772	LGG
BS_50S6TFFE	2078	77	42	119	0.0572666025024062	EPN
BS_516X056B	2834	36	213	249	0.0878616796047989	MB
BS_51RA1PGE	3664	17	8	25	0.00682314410480349	HGG
BS_52426AMF	3396	14	5	19	0.00559481743227326	LGG
BS_52C576HH	3902	8	18	26	0.00666324961558175	HGG
BS_52DAPP1Y	2459	14	3	17	0.00691337942252948	LGG
BS_52MPKTJH	3428	47	40	87	0.0253792298716453	HGG
BS_534XRSNB	2370	42	12	54	0.0227848101265823	LGG
BS_53GQKVEX	3156	14	5	19	0.00602027883396705	LGG
BS_53KFK3G0	3171	28	18	46	0.0145064648375907	ATRT
BS_53M8PP88	3299	11	7	18	0.0054561988481358	EPN
BS_54CFNJ16	865	171	81	252	0.291329479768786	HGG
BS_54H90JW2	2147	42	16	58	0.0270144387517466	LGG
BS_55JW3HFM	4380	5	12	17	0.00388127853881279	GNG
BS_55P8HPYD	2788	15	10	25	0.00896700143472023	LGG
BS_55X1W2MR	775	113	67	180	0.232258064516129	GNG
BS_57NMZPS0	1351	60	19	79	0.0584752035529238	LGG
BS_58AJ8F56	1120	90	95	185	0.165178571428571	HGG
BS_58N4Y4ZJ	1865	20	17	37	0.0198391420911528	MB
BS_58YXHGAJ	2424	3	8	11	0.00453795379537954	HGG
BS_593HEWBF	2851	3	8	11	0.00385829533497019	GNG
BS_5965SFPZ	3283	9	7	16	0.00487359122753579	HGG
BS_596QRYFP	1607	48	12	60	0.0373366521468575	HGG
BS_5G5BD2MD	1030	76	25	101	0.0980582524271845	HGG
BS_5J5D3QTD	3698	129	45	174	0.047052460789616	LGG
BS_5JM573JC	3335	68	60	128	0.0383808095952024	GNG
BS_5K3R0F5D	2986	16	11	27	0.00904219691895512	GNG
BS_5K95FX4C	3050	7	26	33	0.0108196721311475	HGG
BS_5KBXD2GQ	1199	142	55	197	0.164303586321935	HGG
BS_5NWDARXG	3204	13	2	15	0.00468164794007491	LGG
BS_5PJCHF6V	3083	10	31	41	0.0132987349983782	MB
BS_5PV5N4HQ	3187	8	3	11	0.00345152180734233	LGG
BS_5SWXR2QQ	1121	82	42	124	0.110615521855486	EPN
BS_5VPM0F36	2672	6	6	12	0.00449101796407186	HGG
BS_5VQP0E6K	3338	15	10	25	0.00748951467944877	MB
BS_5YJEPPTP	2862	7	2	9	0.00314465408805031	LGG
BS_5YYCP891	1412	60	27	87	0.061614730878187	LGG
BS_5ZD8FRPJ	3352	26	173	199	0.0593675417661098	MB
BS_60DX1WQ5	679	70	34	104	0.153166421207658	LGG
BS_613KQVAE	2337	55	21	76	0.032520325203252	EPN
BS_61E80SD6	3711	20	33	53	0.0142818647264888	MB
BS_62SW4CC5	2259	47	120	167	0.0739265161575919	HGG
BS_63F8QR26	653	43	31	74	0.113323124042879	LGG
BS_63JT39PX	1963	52	11	63	0.032093734080489	LGG
BS_65A41ZQJ	3322	13	29	42	0.0126429861529199	ATRT
BS_65WPD3DA	2887	13	187	200	0.0692760651195012	HGG
BS_66ABA973	2600	7	10	17	0.00653846153846154	LGG
BS_66HQ3E4Z	3312	4	7	11	0.00332125603864734	LGG
BS_67V4F080	2563	105	61	166	0.0647678501755755	HGG
BS_67Z63A2K	3318	14	10	24	0.00723327305605787	EPN
BS_680K119G	3088	17	6	23	0.00744818652849741	GNG
BS_68BW2163	2630	17	9	26	0.00988593155893536	LGG
BS_68KX6A42	4589	8	24	32	0.00697319677489649	HGG
BS_699TN5RN	3259	14	9	23	0.00705737956428352	GNG
BS_6AB299R2	3879	33	18	51	0.0131477184841454	MB
BS_6AFD49QR	3007	17	10	27	0.00897904888593282	EPN
BS_6AQ5RR83	1755	86	22	108	0.0615384615384615	EPN
BS_6BGES4ZG	2424	88	44	132	0.0544554455445545	HGG
BS_6BHX3P3N	982	132	55	187	0.190427698574338	ATRT
BS_6BQ2Q78K	1795	56	15	71	0.0395543175487465	MB
BS_6DCSD5Y6	3084	118	430	548	0.17769130998703	HGG
BS_6EW6X0J0	2117	16	6	22	0.0103920642418517	MB
BS_6G6C7VPX	3274	12	4	16	0.00488698839340257	ATRT
BS_6H1C1ME9	3302	6	9	15	0.00454270139309509	EPN
BS_6H4Q24WA	3134	9	24	33	0.0105296745373325	HGG
BS_6HXD39AM	2869	38	20	58	0.0202161031718369	GNG
BS_6KBHF52X	1326	70	25	95	0.0716440422322775	ATRT
BS_6M2053M0	1359	10	9	19	0.013980868285504	HGG
BS_6MZ7FRZH	3598	13	7	20	0.00555864369093941	EPN
BS_6N3AFF66	2055	19	9	28	0.013625304136253	LGG
BS_6N7YE1A4	2530	228	136	364	0.143873517786561	EPN
BS_6NBTFA33	1327	58	14	72	0.054257724189902	CPG
BS_6NTXGQAC	2884	51	28	79	0.0273925104022191	GNG
BS_6P50QTPP	2652	11	8	19	0.00716440422322775	LGG
BS_6PWHC64Y	2732	20	37	57	0.0208638360175695	MB
BS_6RX2743N	2202	66	21	87	0.0395095367847411	MB
BS_6SY64H5J	2948	15	56	71	0.0240841248303935	HGG
BS_6TSAVMT9	3787	75	34	109	0.0287826775811988	LGG
BS_6VF6VPCG	2353	10	4	14	0.00594985125371866	LGG
BS_6VRG1XFB	1490	64	38	102	0.0684563758389262	HGG
BS_6VW8FC7Z	3052	91	45	136	0.0445609436435125	LGG
BS_6W0VHGQE	1864	92	68	160	0.0858369098712446	MB
BS_6WP1FHTE	2860	8	6	14	0.0048951048951049	HGG
BS_6XHRA95C	924	96	59	155	0.167748917748918	MB
BS_71GFQYV5	1054	131	89	220	0.208728652751423	LGG
BS_7327SDAQ	3723	6	9	15	0.0040290088638195	HGG
BS_74FS6GMW	3662	11	14	25	0.00682687056253413	ATRT
BS_74G5K7JF	1558	14	12	26	0.0166880616174583	EPN
BS_75YRDXET	2871	17	31	48	0.0167189132706374	HGG
BS_769BDPDB	2930	34	17	51	0.0174061433447099	LGG
BS_76DRXZRJ	2821	39	19	58	0.0205600850762141	LGG
BS_77317DY4	3833	74	185	259	0.0675710931385338	MB
BS_775HDFNY	3452	4	7	11	0.00318655851680185	LGG
BS_77CDMEY4	3348	14	6	20	0.00597371565113501	GNG
BS_77SBTNPN	3120	30	13	43	0.0137820512820513	HGG
BS_78QX3XDF	2860	15	39	54	0.0188811188811189	CPG
BS_78SCX2N9	1973	31	15	46	0.0233147491130258	MB
BS_7APCGCVF	782	90	70	160	0.20460358056266	HGG
BS_7ARDVFCP	2516	22	4	26	0.0103338632750397	LGG
BS_7B89YR6K	3253	110	146	256	0.0786965877651399	EPN
BS_7BTZQKYY	5164	11	19	30	0.00580945003872967	EPN
BS_7C40TRCY	3278	10	16	26	0.00793166564978645	MB
BS_7FKE2YPB	2679	38	31	69	0.0257558790593505	EPN
BS_7FWZ518S	3391	11	16	27	0.00796225302270717	MB
BS_7G42J2SK	2250	13	15	28	0.0124444444444444	EPN
BS_7GJT4A6A	2950	105	211	316	0.107118644067797	HGG
BS_7GKWKGPH	1852	71	52	123	0.066414686825054	HGG
BS_7H4RFCW9	2967	10	8	18	0.00606673407482305	LGG
BS_7M3FNSYK	2392	37	16	53	0.0221571906354515	LGG
BS_7MGXMG6S	3572	12	47	59	0.0165173572228443	LGG
BS_7N0B2CY1	2500	22	12	34	0.0136	GNG
BS_7P83Z28P	3356	5	5	10	0.00297973778307509	LGG
BS_7PVJ6Q3D	2168	50	23	73	0.0336715867158672	HGG
BS_7SMY657N	1703	40	6	46	0.0270111567821491	MB
BS_7T1J3KET	2606	10	8	18	0.0069071373752878	CPG
BS_7WKNNRHK	1474	64	25	89	0.0603799185888738	HGG
BS_7XQRH69M	3276	13	16	29	0.00885225885225885	MB
BS_7XRN3CFX	3388	19	3	22	0.00649350649350649	LGG
BS_7Z93ZYMS	3465	11	6	17	0.00490620490620491	LGG
BS_81SP2HX4	3279	21	12	33	0.010064043915828	MB
BS_83HGE3WV	1888	89	78	167	0.0884533898305085	MB
BS_84PYF22K	1822	12	7	19	0.0104281009879254	CPG
BS_84VZX732	691	145	70	215	0.311143270622287	HGG
BS_84XCR9GG	3261	33	12	45	0.0137994480220791	HGG
BS_850BAHH9	2670	10	10	20	0.00749063670411985	ATRT
BS_862NMAR7	4910	24	32	56	0.0114052953156823	HGG
BS_86Q14TZG	3949	10	6	16	0.00405165864775893	CPG
BS_880ESDFZ	1316	86	23	109	0.0828267477203647	LGG
BS_8B2RAF9R	2286	161	97	258	0.112860892388451	MB
BS_8BF616QR	2802	180	64	244	0.0870806566738044	LGG
BS_8D0NYM46	3551	8	11	19	0.00535060546324979	CPG
BS_8E8JKP01	2930	29	49	78	0.0266211604095563	HGG
BS_8ERBDF7D	5630	56	54	110	0.019538188277087	HGG
BS_8GBH4QYB	529	47	19	66	0.12476370510397	CPG
BS_8GW1TMV2	1587	21	15	36	0.0226843100189036	MB
BS_8H3S44QP	2218	14	30	44	0.0198376916140667	HGG
BS_8J3B6ZB6	3133	8	6	14	0.004468560485158	LGG
BS_8K9YVM5G	2614	32	28	60	0.0229533282325937	MB
BS_8PE0ZBXN	1280	46	12	58	0.0453125	LGG
BS_8PNA0V6R	3401	21	25	46	0.0135254336959718	HGG
BS_8Q4JWFKK	855	82	17	99	0.115789473684211	LGG
BS_8Q7W9NSR	2423	35	11	46	0.0189847296739579	EPN
BS_8Q7Z32DD	60	15	9	24	0.4	LGG
BS_8QJ43WKW	1488	243	67	310	0.208333333333333	LGG
BS_8RCR7Y4B	3681	14	14	28	0.0076066286335235	LGG
BS_8RHPJ740	3166	33	19	52	0.016424510423247	EPN
BS_8SKZ7BRN	3619	27	25	52	0.014368610113291	LGG
BS_8T7DZV2F	1364	12	13	25	0.0183284457478006	MB
BS_8TR7980G	1577	79	17	96	0.0608750792644261	LGG
BS_8TTMM7FE	3524	13	57	70	0.0198637911464245	MB
BS_8VAZSJEN	2520	12	5	17	0.00674603174603175	LGG
BS_8YWYN7VH	1092	140	69	209	0.191391941391941	HGG
BS_8Z3SCKB5	3154	31	9	40	0.0126823081800888	LGG
BS_8ZE4Z9G5	3721	54	26	80	0.0214995968825585	HGG
BS_8ZP3CBQA	4544	5	7	12	0.00264084507042254	EPN
BS_8ZS9F31R	1315	16	10	26	0.0197718631178707	HGG
BS_8ZY4GST0	2310	7	17	24	0.0103896103896104	HGG
BS_90B22NGP	3379	62	148	210	0.0621485646641018	ATRT
BS_912NX4Y0	3420	24	23	47	0.0137426900584795	GNG
BS_9294WMET	2329	43	16	59	0.0253327608415629	MB
BS_92HCM7BN	1703	19	2	21	0.0123311802701116	LGG
BS_92VDQ0NE	4525	14	33	47	0.0103867403314917	GNG
BS_9477AG24	2358	123	52	175	0.0742154368108567	LGG
BS_94MT16N2	2857	25	61	86	0.0301015050752538	LGG
BS_96BNRT9G	2966	34	32	66	0.0222521915037087	HGG
BS_9755PSCS	1948	17	8	25	0.0128336755646817	LGG
BS_975AWWJE	1268	122	46	168	0.132492113564669	EPN
BS_97GBG8T6	1105	85	25	110	0.0995475113122172	LGG
BS_97M1E2DW	2397	33	59	92	0.0383813099707968	HGG
BS_996ZS2A4	3470	10	8	18	0.00518731988472622	ATRT
BS_9A1YTHFF	3000	9	93	102	0.034	HGG
BS_9B0A62MT	3297	81	168	249	0.0755232029117379	HGG
BS_9BJARSX3	3635	14	18	32	0.00880330123796424	LGG
BS_9CA93S6D	2744	144	336	480	0.174927113702624	HGG
BS_9D1XZKJE	1161	147	101	248	0.213608957795004	EPN
BS_9DZ253JY	988	86	47	133	0.134615384615385	LGG
BS_9F09XV62	2652	50	38	88	0.0331825037707391	LGG
BS_9FHEFJNP	906	74	30	104	0.114790286975717	HGG
BS_9FHSNVS0	3570	77	153	230	0.0644257703081232	ATRT
BS_9GJ3DB1H	3469	9	198	207	0.0596713750360334	HGG
BS_9H1684FJ	1675	156	81	237	0.141492537313433	CPG
BS_9H7A00PV	4387	122	57	179	0.0408023706405288	GNG
BS_9HSGV9TJ	2764	14	12	26	0.00940665701881331	LGG
BS_9JBX2E8G	2149	53	17	70	0.0325732899022801	LGG
BS_9K1H3RPM	1581	35	17	52	0.0328905755850727	MB
BS_9M5XJ10G	3365	24	27	51	0.0151560178306092	MB
BS_9NJHQE9F	2686	17	26	43	0.0160089352196575	MB
BS_9NZ2D6AD	2941	15	16	31	0.0105406324379463	MB
BS_9P9MB8X8	2809	14	7	21	0.00747597009611962	LGG
BS_9PB3XH5D	3632	3	8	11	0.00302863436123348	MB
BS_9Q6Z6VJC	3046	14	7	21	0.00689428759028234	LGG
BS_9RT63JD9	3233	20	5	25	0.00773275595422209	LGG
BS_9S7AG4EN	2151	36	18	54	0.0251046025104603	LGG
BS_9SJWWYQ4	2213	15	3	18	0.00813375508359693	LGG
BS_9TXEDSWB	3388	128	81	209	0.0616883116883117	HGG
BS_9V633J1X	4097	32	31	63	0.015377105198926	MB
BS_9XVACXP0	3438	5	12	17	0.00494473531122746	HGG
BS_9Y1K14Q5	1205	24	12	36	0.0298755186721992	HGG
BS_9YXH2CZ0	1770	42	7	49	0.027683615819209	LGG
BS_9ZJT0CP0	2867	39	62	101	0.0352284618067667	HGG
BS_A0DYVX9J	1265	20	7	27	0.0213438735177866	HGG
BS_A13BMEF5	2940	7	6	13	0.00442176870748299	LGG
BS_A14Z8BBK	2919	17	20	37	0.012675573826653	MB
BS_A1V3BH0Z	2190	182	87	269	0.122831050228311	LGG
BS_A1VEGWTR	3273	6	8	14	0.00427742132600061	LGG
BS_A2YNJVVG	2397	70	28	98	0.0408844388819358	LGG
BS_A46RDWGM	2984	7	7	14	0.0046916890080429	LGG
BS_A52V3XJM	2932	88	383	471	0.160641200545703	MB
BS_A6NXR7RC	1348	13	47	60	0.0445103857566766	HGG
BS_A76PNWQS	1994	18	24	42	0.0210631895687061	LGG
BS_A7MC2KR2	3583	2	10	12	0.003349148758024	CPG
BS_A7Q8G0Y1	1548	33	62	95	0.0613695090439276	HGG
BS_A7W82CVE	549	53	34	87	0.158469945355191	LGG
BS_A87NPZAP	2856	51	153	204	0.0714285714285714	MB
BS_A8XW5S0W	2903	4	77	81	0.0279021701687909	HGG
BS_A96FKXN5	1335	63	27	90	0.0674157303370786	LGG
BS_ABYF92Z9	3108	8	3	11	0.00353925353925354	CPG
BS_AD4JPN9Q	3439	12	8	20	0.00581564408258215	GNG
BS_ADEE1SN5	1707	31	25	56	0.0328060925600469	EPN
BS_AG3D3435	2853	15	12	27	0.00946372239747634	LGG
BS_AGTPCRR4	2676	16	3	19	0.00710014947683109	EPN
BS_AHEFXG7W	2797	20	21	41	0.0146585627457991	MB
BS_AKNF1CJX	922	68	39	107	0.116052060737527	ATRT
BS_AKRHBPNZ	3304	20	27	47	0.014225181598063	GNG
BS_AKT8HK8J	2310	26	8	34	0.0147186147186147	LGG
BS_AM0BZ61K	895	99	59	158	0.176536312849162	LGG
BS_AM70R8RG	4223	13	19	32	0.00757755150367038	MB
BS_AMZ70B6F	3366	8	11	19	0.00564468211527035	MB
BS_AP0SZ364	3487	7	4	11	0.00315457413249211	LGG
BS_AP814Q8D	1846	208	74	282	0.152762730227519	EPN
BS_ARBQDTT5	2540	8	7	15	0.00590551181102362	LGG
BS_ATHSTZ5R	1821	20	10	30	0.0164744645799012	LGG
BS_AV9PD1CR	724	66	20	86	0.11878453038674	LGG
BS_AVYNZHSB	2417	14	7	21	0.0086884567645842	LGG
BS_AW7J9F9R	987	191	111	302	0.305977710233029	LGG
BS_AWH9757B	3872	12	8	20	0.00516528925619835	HGG
BS_AWJFW3W5	3301	42	14	56	0.0169645561950924	MB
BS_AYSXRQWY	1787	91	43	134	0.0749860100727476	HGG
BS_AZQM1JJH	2866	11	169	180	0.0628053035589672	HGG
BS_B0SVFK4P	3524	56	65	121	0.0343359818388195	LGG
BS_B1C6GZ84	3031	11	8	19	0.00626855823160673	HGG
BS_B1HF89ES	4008	49	30	79	0.0197105788423154	HGG
BS_B1HVNV0T	3411	20	16	36	0.0105540897097625	ATRT
BS_B1J776DQ	607	56	27	83	0.13673805601318	LGG
BS_B2QMR6Z9	2521	101	50	151	0.0598968663228877	LGG
BS_B3M5SGPA	3321	38	14	52	0.0156579343571213	LGG
BS_B3MQFFYP	2049	51	7	58	0.0283064909712055	HGG
BS_B4R7X1KE	3963	26	28	54	0.0136260408781226	HGG
BS_B53Z0T1Q	2765	13	13	26	0.00940325497287523	CPG
BS_B57327NA	811	87	56	143	0.17632552404439	HGG
BS_B5JM6T8K	1823	78	24	102	0.0559517279210093	LGG
BS_B6JKQFKA	1040	92	47	139	0.133653846153846	LGG
BS_B6M763JS	2864	15	10	25	0.00872905027932961	LGG
BS_B7GEH89C	1884	24	10	34	0.0180467091295117	LGG
BS_B7X8VXQ3	2477	14	8	22	0.00888171174808236	GNG
BS_BA6AZWB3	3357	11	21	32	0.00953232052427763	MB
BS_BANCTAV6	3570	167	118	285	0.0798319327731092	LGG
BS_BBAEMXRD	1727	20	120	140	0.0810654313839027	HGG
BS_BBQ6BHGN	1878	132	45	177	0.0942492012779553	HGG
BS_BC936YNZ	2320	12	18	30	0.0129310344827586	LGG
BS_BD2TNN61	912	42	20	62	0.0679824561403509	ATRT
BS_BE1WV2B2	1873	18	10	28	0.0149492792311799	MB
BS_BE6EZQHP	2359	31	12	43	0.0182280627384485	MB
BS_BEKKNDWB	1693	55	24	79	0.0466627288836385	MB
BS_BGFDW0VM	1155	56	25	81	0.0701298701298701	ATRT
BS_BHR08WGW	3032	9	12	21	0.00692612137203166	CPG
BS_BJBM0BN7	1928	72	21	93	0.0482365145228216	LGG
BS_BJDNWMJH	2931	21	13	34	0.0116001364721938	EPN
BS_BK0HGRXM	2764	15	11	26	0.00940665701881331	HGG
BS_BKQZ550R	3388	7	5	12	0.00354191263282172	LGG
BS_BMMY0H73	2731	7	10	17	0.00622482607103625	HGG
BS_BN3VGJP0	621	82	45	127	0.20450885668277	ATRT
BS_BN986DF6	3186	7	14	21	0.00659133709981168	LGG
BS_BNECCX4D	2847	25	11	36	0.0126448893572181	LGG
BS_BPKRC55C	643	107	40	147	0.228615863141524	EPN
BS_BPM1MRGT	2015	89	32	121	0.0600496277915633	LGG
BS_BPSTSCBJ	3485	8	15	23	0.00659971305595409	LGG
BS_BPWEFR89	3498	8	14	22	0.00628930817610063	MB
BS_BSMKSA87	1747	116	49	165	0.0944476244991414	CPG
BS_BSV07M7Z	3716	19	19	38	0.0102260495156082	MB
BS_BVSW4GTG	2804	13	10	23	0.00820256776034237	MB
BS_BW1Z7QQY	1151	58	31	89	0.0773240660295395	EPN
BS_BW79W2PD	2761	177	274	451	0.163346613545817	LGG
BS_BYBG9F2X	1731	27	12	39	0.0225303292894281	EPN
BS_C05FKR8X	3109	25	17	42	0.0135091669347057	EPN
BS_C0GQVFWA	1962	152	87	239	0.121814475025484	MB
BS_C0NEVC2B	2320	46	16	62	0.0267241379310345	GNG
BS_C0XFDP38	2917	28	14	42	0.0143983544737744	CPG
BS_C3NW374Q	1353	175	78	253	0.186991869918699	HGG
BS_C3P5BC92	2242	58	32	90	0.04014272970562	CPG
BS_C41DJZ1F	2752	30	28	58	0.0210755813953488	HGG
BS_C51RB0YR	3414	19	18	37	0.0108377270064441	LGG
BS_C6SKJG3N	3217	12	11	23	0.00714951818464408	LGG
BS_C6ZZ3FY5	1217	17	16	33	0.0271158586688578	HGG
BS_C7A2TYAC	3337	9	9	18	0.0053940665268205	LGG
BS_C80S5N37	2704	24	12	36	0.0133136094674556	EPN
BS_C83TK159	1917	13	6	19	0.0099113197704747	HGG
BS_C853MJT4	1179	78	27	105	0.089058524173028	MB
BS_C8KEG501	1379	33	14	47	0.0340826686004351	LGG
BS_C8ME4RZA	1851	77	38	115	0.0621285791464073	CPG
BS_C8RVHTVV	3349	118	49	167	0.0498656315318005	MB
BS_CB6VK7PB	3955	3	8	11	0.00278128950695322	LGG
BS_CC6RREE4	3017	34	22	56	0.0185614849187935	GNG
BS_CCBW38BM	2674	51	15	66	0.0246821241585639	MB
BS_CE7C68FX	515	113	47	160	0.310679611650485	EPN
BS_CF63VG3S	3623	18	75	93	0.0256693348054099	HGG
BS_CFCWWFKG	1052	182	79	261	0.248098859315589	CPG
BS_CFD3WHAY	1644	49	10	59	0.0358880778588808	HGG
BS_CG1RG607	2865	88	179	267	0.0931937172774869	HGG
BS_CG6R2RED	2984	52	235	287	0.0961796246648794	MB
BS_CGB2WS2A	3140	15	4	19	0.00605095541401274	LGG
BS_CH8Q6FCN	1809	112	49	161	0.0889994472084024	LGG
BS_CHDGRYHJ	1554	23	19	42	0.027027027027027	MB
BS_CKKY5S4M	885	139	60	199	0.224858757062147	MB
BS_CM14SRVX	4113	137	64	201	0.0488694383661561	GNG
BS_CMDJJQ7K	1355	44	18	62	0.0457564575645756	LGG
BS_CN0GW92K	2402	71	24	95	0.0395503746877602	MB
BS_CN797XGY	1531	28	12	40	0.0261267145656434	EPN
BS_CPWBFHAC	3363	24	28	52	0.0154623847754981	LGG
BS_CRG16D94	1429	90	26	116	0.0811756473058083	ATRT
BS_CS170P7T	2689	12	30	42	0.0156191892896988	LGG
BS_CTR5X93B	2653	7	8	15	0.00565397663022993	LGG
BS_CV8J6WK8	1616	63	21	84	0.051980198019802	CPG
BS_CVEDJGHZ	3445	7	91	98	0.0284470246734398	HGG
BS_CVGFNCBJ	3016	37	16	53	0.0175729442970822	LGG
BS_CVGPSXV7	2089	47	14	61	0.0292005744375299	LGG
BS_CX7NH77G	1009	47	34	81	0.0802775024777007	LGG
BS_CXAQDK7S	2158	95	31	126	0.0583873957367933	HGG
BS_CXVJK2FY	3176	17	7	24	0.00755667506297229	EPN
BS_CZ3ER8DY	1829	17	11	28	0.0153089119737562	EPN
BS_CZ3NA7KV	1483	11	12	23	0.0155091031692515	EPN
BS_CZPQ493E	4807	90	102	192	0.0399417516122322	HGG
BS_D144EJRQ	2999	36	22	58	0.0193397799266422	MB
BS_D2K9C7XR	3914	7	16	23	0.00587634133878385	CPG
BS_D3YBV7KB	3325	11	7	18	0.00541353383458647	LGG
BS_D46WVFCP	2811	33	14	47	0.0167200284596229	MB
BS_D48301X5	2647	35	13	48	0.0181337363052512	EPN
BS_D4VNDNQA	2683	89	50	139	0.0518076779724189	HGG
BS_D5NQV7N5	1840	32	18	50	0.0271739130434783	CPG
BS_D6J2BGDJ	1294	23	58	81	0.062596599690881	HGG
BS_DB75RPCD	4091	138	80	218	0.0532877047176729	HGG
BS_DEHJF4C7	3574	8	12	20	0.00559597090095131	LGG
BS_DFGS950G	1826	30	44	74	0.04052573932092	HGG
BS_DFWFBYSN	2894	9	23	32	0.0110573600552868	MB
BS_DGWXNSPK	2688	48	17	65	0.0241815476190476	GNG
BS_DHA5FMVW	3268	14	18	32	0.00979192166462668	ATRT
BS_DK87G2MP	1961	267	282	549	0.279959204487506	HGG
BS_DMJHAG9X	1510	41	8	49	0.0324503311258278	LGG
BS_DMZP9G1H	3108	18	17	35	0.0112612612612613	GNG
BS_DNZVP92S	1793	18	17	35	0.0195203569436698	HGG
BS_DPA539AJ	1893	67	23	90	0.0475435816164818	MB
BS_DPF1CX0G	2749	21	10	31	0.0112768279374318	LGG
BS_DR079H0D	2191	5	155	160	0.0730260155180283	HGG
BS_DRD9QXR5	3751	6	28	34	0.00906424953345774	CPG
BS_DS1HY9A0	1716	102	30	132	0.0769230769230769	ATRT
BS_DS438CXE	3578	16	7	23	0.00642817216321968	HGG
BS_DS4Z2VBP	3403	10	77	87	0.0255656773435204	EPN
BS_DSPVSM7D	515	35	44	79	0.153398058252427	HGG
BS_DSS3S5XD	3328	18	5	23	0.00691105769230769	LGG
BS_DV86M0Y7	3483	7	15	22	0.00631639391329314	LGG
BS_DZ4B5A40	3942	81	36	117	0.0296803652968037	LGG
BS_DZFV0CFA	439	107	34	141	0.321184510250569	GNG
BS_DZNXFPH1	1294	115	48	163	0.12596599690881	HGG
BS_E054DFJN	2648	50	29	79	0.029833836858006	CPG
BS_E0XXZRKS	3116	182	72	254	0.0815147625160462	LGG
BS_E0ZEECZ6	1922	63	20	83	0.0431841831425598	ATRT
BS_E1B3BKYA	2764	70	55	125	0.0452243125904486	LGG
BS_E1CGF3KV	3010	12	12	24	0.0079734219269103	LGG
BS_E2B5BJ7A	2278	59	27	86	0.0377524143985953	EPN
BS_E2DEWCSK	1756	23	6	29	0.0165148063781321	LGG
BS_E3BAT4C1	3408	10	24	34	0.00997652582159624	MB
BS_E3EJHXQV	2323	10	2	12	0.00516573396470082	LGG
BS_E4F1D721	2930	12	5	17	0.00580204778156997	EPN
BS_E4QK839R	3190	33	19	52	0.0163009404388715	LGG
BS_E67QTP84	2147	15	25	40	0.0186306474149977	MB
BS_E6DT3HPT	392	67	26	93	0.237244897959184	LGG
BS_E7NVYA6G	3143	73	65	138	0.0439070951320395	HGG
BS_EB0XRBT9	2478	10	7	17	0.00686037126715093	HGG
BS_EBMCTR80	3026	12	11	23	0.00760079312623926	LGG
BS_ECGQWHNQ	2399	41	10	51	0.0212588578574406	LGG
BS_ECNBQ2RA	917	24	32	56	0.0610687022900763	HGG
BS_ECP485VV	1695	88	67	155	0.0914454277286136	MB
BS_ED8G98XT	2615	83	51	134	0.0512428298279159	HGG
BS_EFE4YEK3	3764	17	20	37	0.00982996811902232	MB
BS_EFEZB0ZH	2966	24	15	39	0.0131490222521915	LGG
BS_EHVYJAVA	3657	7	6	13	0.0035548263604047	LGG
BS_EJSWEM34	1764	75	43	118	0.0668934240362812	CPG
BS_EK5PCKY0	900	16	24	40	0.0444444444444444	EPN
BS_EMAJ7P3P	2675	191	85	276	0.103177570093458	LGG
BS_EMMF4PZX	3430	18	23	41	0.0119533527696793	CPG
BS_EMYET8F4	3587	21	15	36	0.0100362419849456	EPN
BS_EN2VK7NY	3677	11	8	19	0.00516725591514822	LGG
BS_ENEYB4TG	3045	8	19	27	0.00886699507389163	HGG
BS_ENX83H9Z	2613	41	19	60	0.0229621125143513	HGG
BS_EQKYB3JB	1207	139	65	204	0.169014084507042	MB
BS_ERJAJ0KA	4023	20	12	32	0.00795426298782003	GNG
BS_ERJT2RFF	425	88	45	133	0.312941176470588	LGG
BS_ERWT0ZWE	3535	19	27	46	0.013012729844413	MB
BS_ET8CJXSF	3317	10	9	19	0.00572806753090142	LGG
BS_ETDCPRAM	1954	113	45	158	0.0808597748208802	CPG
BS_ETM3DW4J	1770	39	15	54	0.0305084745762712	EPN
BS_EVCAC3NH	1175	19	11	30	0.025531914893617	EPN
BS_EWC2NGHN	2870	35	16	51	0.0177700348432056	EPN
BS_EXPJQZTH	1733	16	50	66	0.0380842469705713	HGG
BS_EXYHZ6D4	506	77	17	94	0.185770750988142	LGG
BS_EY2B6KD0	485	62	19	81	0.167010309278351	LGG
BS_EYSS0ZDS	3152	39	18	57	0.0180837563451777	LGG
BS_EYYMKWB7	3281	18	8	26	0.00792441328863151	LGG
BS_EZ3147MX	5105	6	38	44	0.00861900097943193	HGG
BS_F0JB4EAK	2063	10	6	16	0.00775569558894813	HGG
BS_F0ZP45KB	2470	202	84	286	0.115789473684211	GNG
BS_F1K9QTBS	1161	36	10	46	0.0396210163652024	LGG
BS_F21R36MM	2726	52	20	72	0.0264123257520176	HGG
BS_F349AQKV	894	39	14	53	0.0592841163310962	LGG
BS_F37P8QT7	94	16	7	23	0.24468085106383	LGG
BS_F4E8R9VY	2481	28	13	41	0.0165255945183394	GNG
BS_F5QBVPP0	3305	39	29	68	0.0205748865355522	MB
BS_F65GWS21	663	81	84	165	0.248868778280543	HGG
BS_F6V1Y4QS	3330	18	15	33	0.00990990990990991	LGG
BS_F6ZHHA54	804	120	47	167	0.20771144278607	MB
BS_F77MGAQT	2165	41	108	149	0.0688221709006928	LGG
BS_F8N6CFQE	3000	5	8	13	0.00433333333333333	LGG
BS_F9Y4Z92G	3274	42	30	72	0.0219914477703115	HGG
BS_FAQQ0GCQ	3957	5	14	19	0.00480161738690927	GNG
BS_FBRNNYCA	1989	30	10	40	0.0201106083459025	MB
BS_FCDAH728	3136	11	33	44	0.014030612244898	HGG
BS_FEKM7X6Z	1294	84	34	118	0.0911901081916538	CPG
BS_FEV5A0HN	3184	20	11	31	0.00973618090452261	HGG
BS_FGJH1X0S	2232	22	90	112	0.0501792114695341	HGG
BS_FGQA2S06	2189	46	24	70	0.0319780721790772	LGG
BS_FHM1TKTT	2522	94	119	213	0.084456780333069	MB
BS_FJ2H219D	400	49	22	71	0.1775	HGG
BS_FJWZ3M7V	3199	6	7	13	0.00406376992810253	LGG
BS_FKASA3MN	1525	20	67	87	0.0570491803278689	HGG
BS_FKDQJJB5	2680	8	12	20	0.00746268656716418	MB
BS_FQ5VYCBD	2654	36	9	45	0.0169555388093444	HGG
BS_FR42HY0Z	1540	81	19	100	0.0649350649350649	LGG
BS_FRZ76GEG	3191	10	12	22	0.00689439047320589	CPG
BS_FTKPQ5FZ	956	25	19	44	0.0460251046025105	EPN
BS_FV820J38	2346	34	25	59	0.0251491901108269	MB
BS_FW5ECXXK	1217	18	14	32	0.0262941659819228	EPN
BS_FX2P2WEG	2578	37	56	93	0.0360744763382467	HGG
BS_FXJY0MNH	3449	101	111	212	0.0614670919106988	HGG
BS_FYP2B298	3103	48	32	80	0.0257815017724782	HGG
BS_FYRDYBMZ	2456	44	17	61	0.0248371335504886	HGG
BS_FZRCFK0W	826	111	28	139	0.168280871670702	LGG
BS_G00FHF3Q	3581	9	19	28	0.00781904495950852	MB
BS_G0RPJHA9	1764	23	13	36	0.0204081632653061	EPN
BS_G19QZG4S	2280	74	28	102	0.0447368421052632	HGG
BS_G1DAGKSY	1170	77	32	109	0.0931623931623932	LGG
BS_G1E5DATJ	2786	7	16	23	0.00825556353194544	HGG
BS_G23JJAZY	1527	13	8	21	0.0137524557956778	EPN
BS_G257VSS9	2505	20	17	37	0.0147704590818363	HGG
BS_G3NN392N	1890	36	37	73	0.0386243386243386	HGG
BS_G5NHSFD4	3452	16	50	66	0.0191193511008111	HGG
BS_G5QBBHDV	2230	95	113	208	0.0932735426008969	LGG
BS_G63HYD6N	3715	7	10	17	0.00457604306864065	EPN
BS_G6RKBJEY	1713	31	9	40	0.0233508464681845	ATRT
BS_G7AGNB5G	3147	10	13	23	0.0073085478233238	LGG
BS_G8TXTX0H	1599	41	11	52	0.032520325203252	HGG
BS_G9219PMD	333	66	23	89	0.267267267267267	LGG
BS_G9XE3N9T	3144	14	10	24	0.00763358778625954	LGG
BS_GAGRGSSX	2836	30	49	79	0.0278561354019746	ATRT
BS_GC3CH9TY	3454	11	18	29	0.00839606253618993	CPG
BS_GCA4GET3	3061	8	10	18	0.00588043123162365	LGG
BS_GCQFGDTX	4397	5	15	20	0.00454855583352286	MB
BS_GE2RVZE6	3890	24	16	40	0.0102827763496144	MB
BS_GG9W3J9Y	3179	11	7	18	0.00566215791129286	HGG
BS_GHNJ4CYC	2443	18	11	29	0.0118706508391322	LGG
BS_GHZJ8FX3	265	58	20	78	0.294339622641509	LGG
BS_GJNCYABP	2439	11	9	20	0.00820008200082001	ATRT
BS_GKDWPV3K	1444	81	49	130	0.0900277008310249	ATRT
BS_GKZZJ29B	1993	38	16	54	0.0270948319116909	EPN
BS_GMDQK06Q	3530	8	11	19	0.00538243626062323	CPG
BS_GMF4ABXJ	3829	79	60	139	0.0363019065030034	GNG
BS_GMJBGBWB	2956	9	9	18	0.0060893098782138	CPG
BS_GNV89A5P	3019	14	21	35	0.0115932427956277	MB
BS_GPEGRCCT	3657	7	10	17	0.00464861908668307	LGG
BS_GR46VD0Q	3968	10	15	25	0.00630040322580645	LGG
BS_GS1KR5PK	4408	34	174	208	0.0471869328493648	MB
BS_GS7Q2JHA	2066	26	12	38	0.0183930300096805	EPN
BS_GSV81YTV	1803	91	61	152	0.0843039378813089	LGG
BS_GTZCFGRZ	3502	37	45	82	0.0234151913192461	GNG
BS_GV3NZ9QD	3457	11	7	18	0.00520682672837721	EPN
BS_GVPKBXC1	3314	78	24	102	0.0307785153892577	ATRT
BS_GW0GKWMS	3130	9	12	21	0.00670926517571885	HGG
BS_GWCRMKE6	3312	11	5	16	0.00483091787439614	LGG
BS_GWHYM3R4	1294	172	42	214	0.165378670788253	HGG
BS_GWSJ4Z9H	3479	19	15	34	0.00977292325380857	HGG
BS_GYA4V1RD	4208	4	1	5	0.00118821292775665	LGG
BS_GYXSDZ56	3423	13	12	25	0.00730353491089687	LGG
BS_H08FEN68	2370	145	463	608	0.256540084388186	LGG
BS_H0QWRJE2	2999	23	6	29	0.00966988996332111	HGG
BS_H0TJS3RZ	2339	122	35	157	0.0671227020094057	GNG
BS_H0WF1WHE	2074	6	12	18	0.00867888138862102	LGG
BS_H18EDRJK	1982	46	16	62	0.0312815338042381	CPG
BS_H1XPVS9A	2830	14	9	23	0.00812720848056537	LGG
BS_H1ZS5FMZ	2897	9	11	20	0.00690369347600967	HGG
BS_H3FE3TH9	3483	5	14	19	0.00545506747057135	LGG
BS_H4B5Y6S0	1634	22	28	50	0.0305997552019584	MB
BS_H4NXBD2D	1497	11	13	24	0.0160320641282565	EPN
BS_H5VQJR7X	1182	172	56	228	0.192893401015228	HGG
BS_H8A9PSYA	2540	19	4	23	0.00905511811023622	LGG
BS_H97S5SQN	3088	10	12	22	0.00712435233160622	HGG
BS_H9EX5WX3	3679	56	24	80	0.0217450394128839	LGG
BS_H9JYKFTV	1493	18	12	30	0.0200937709310114	HGG
BS_HA20Y4XY	3207	7	4	11	0.00342999688182102	LGG
BS_HB03GSHF	2896	20	24	44	0.0151933701657459	MB
BS_HC44ZA0V	3123	13	17	30	0.00960614793467819	EPN
BS_HC5M8JTC	3413	8	7	15	0.00439496044535599	LGG
BS_HD33RVPJ	1564	90	29	119	0.0760869565217391	MB
BS_HD4EJYE3	3558	15	22	37	0.0103991006183249	MB
BS_HDPCQETG	1439	32	9	41	0.0284920083391244	HGG
BS_HE0WJRW6	3617	23	62	85	0.0235001382361073	HGG
BS_HE57E1RP	2749	10	17	27	0.00982175336485995	MB
BS_HF3RNN2T	2883	11	22	33	0.0114464099895942	MB
BS_HHPA8NJ2	2642	31	35	66	0.0249810749432248	MB
BS_HJRTC9JQ	4160	9	18	27	0.00649038461538462	HGG
BS_HJVKKWGP	2244	63	20	83	0.0369875222816399	EPN
BS_HK9P0Q4G	2307	107	44	151	0.0654529692241006	LGG
BS_HKZENFDA	1312	4	9	13	0.00990853658536585	MB
BS_HM0R6SXQ	2112	24	9	33	0.015625	LGG
BS_HM997M0B	1325	145	71	216	0.163018867924528	CPG
BS_HNMQ7488	2319	51	16	67	0.0288917636912462	LGG
BS_HPEYQCY8	918	46	23	69	0.0751633986928105	LGG
BS_HPV4F6VR	2111	26	24	50	0.0236854571293226	CPG
BS_HQ5BJ6MW	2694	12	11	23	0.00853749072011878	LGG
BS_HQDXQ5Y4	1211	100	37	137	0.113129644921552	LGG
BS_HQNTHFJT	1402	218	107	325	0.231811697574893	LGG
BS_HQYGYPCV	2123	69	24	93	0.0438059349976448	LGG
BS_HRJ9145M	2640	62	33	95	0.0359848484848485	HGG
BS_HSHN8PBB	2970	32	13	45	0.0151515151515152	LGG
BS_HSPV8GXC	133	22	12	34	0.255639097744361	LGG
BS_HSTNFPKW	1817	29	8	37	0.0203632361034673	LGG
BS_HTEPAKCM	2841	20	39	59	0.0207673354452658	MB
BS_HTSFDSJR	574	140	73	213	0.371080139372822	EPN
BS_HV8PFRBR	2241	25	7	32	0.0142793395805444	LGG
BS_HVGKX0WY	3036	43	159	202	0.0665349143610013	MB
BS_HWVD3RH0	794	74	21	95	0.119647355163728	LGG
BS_HX0S30NE	3281	7	6	13	0.00396220664431576	LGG
BS_HX8XJ18H	1171	46	16	62	0.0529461998292058	ATRT
BS_HY2GHM23	2692	11	133	144	0.0534918276374443	MB
BS_HYASKY2Z	1669	18	7	25	0.0149790293588975	EPN
BS_HYYWQVTD	2831	65	28	93	0.0328505828329212	ATRT
BS_HZ707C55	3247	12	10	22	0.0067754850631352	EPN
BS_HZ9AYDCQ	3498	13	23	36	0.0102915951972556	HGG
BS_HZE3KYZ1	2641	9	21	30	0.011359333585763	MB
BS_HZRM07TW	3331	28	15	43	0.0129090363254278	MB
BS_J1AB8PMA	2969	12	12	24	0.00808352980801617	MB
BS_J483EMFP	3361	33	19	52	0.0154715858375483	ATRT
BS_J4JY2F3H	1982	146	58	204	0.1029263370333	HGG
BS_J4QMPCS6	1044	97	33	130	0.124521072796935	CPG
BS_J5H5VXWY	1960	55	14	69	0.0352040816326531	LGG
BS_J6VKB1VE	2448	24	55	79	0.0322712418300654	LGG
BS_J70GK8SM	1127	14	18	32	0.028393966282165	EPN
BS_J71N7D09	4683	117	196	313	0.0668374973307709	MB
BS_J8G4SH4Z	3463	11	22	33	0.00952930984695351	MB
BS_J8VX4D17	3156	15	10	25	0.00792141951837769	EPN
BS_J9CBGP57	3519	20	21	41	0.0116510372264848	HGG
BS_J9M83K8T	1599	46	14	60	0.0375234521575985	GNG
BS_JB43XBCQ	2460	13	11	24	0.00975609756097561	HGG
BS_JC7WDK1A	71	16	4	20	0.28169014084507	CPG
BS_JCKGMNR0	1119	45	11	56	0.0500446827524576	EPN
BS_JCPKYHKY	3748	7	19	26	0.00693703308431163	CPG
BS_JDSNFYQ0	843	143	40	183	0.217081850533808	HGG
BS_JDWFEE36	1494	132	46	178	0.119143239625167	LGG
BS_JE6RR750	3636	16	231	247	0.0679317931793179	MB
BS_JFB984RG	2672	19	25	44	0.0164670658682635	MB
BS_JFR750KD	3662	8	8	16	0.00436919716002185	LGG
BS_JG9JZTA9	2903	15	6	21	0.00723389596968653	LGG
BS_JGKZ54SA	1627	35	19	54	0.0331899200983405	LGG
BS_JH29M4KG	3788	10	4	14	0.00369588173178458	LGG
BS_JHGW42S6	3180	14	12	26	0.00817610062893082	EPN
BS_JHTBR7DW	2071	12	34	46	0.0222114920328344	EPN
BS_JJNRHMKM	1793	32	21	53	0.0295593976575572	CPG
BS_JJVH7WR0	1719	13	101	114	0.0663176265270506	HGG
BS_JJW609CE	982	193	85	278	0.283095723014257	MB
BS_JKDKZSX8	807	66	27	93	0.115241635687732	LGG
BS_JKXA3FQC	3365	11	7	18	0.00534918276374443	LGG
BS_JMD386Z2	597	11	22	33	0.0552763819095477	HGG
BS_JMHG7GCN	2944	13	4	17	0.00577445652173913	LGG
BS_JMMPW4G3	2187	71	37	108	0.0493827160493827	MB
BS_JN3S2H2Z	466	137	53	190	0.407725321888412	LGG
BS_JNXMRAW1	835	61	32	93	0.111377245508982	LGG
BS_JP95KMRD	2889	4	17	21	0.00726895119418484	HGG
BS_JPHWQ1TV	3017	28	14	42	0.0139211136890951	MB
BS_JQGJQ2QZ	3100	11	192	203	0.0654838709677419	HGG
BS_JQVAWTTM	2346	32	17	49	0.0208866155157715	HGG
BS_JQX8GXMG	2204	52	43	95	0.0431034482758621	MB
BS_JQXHHK0K	2134	21	46	67	0.0313964386129335	HGG
BS_JR5ATB7G	3570	21	26	47	0.0131652661064426	MB
BS_JRYJGYC4	3186	40	61	101	0.0317011927181419	HGG
BS_JS95PE0J	3230	21	9	30	0.00928792569659443	HGG
BS_JT82QGXF	3019	36	40	76	0.0251738986419344	MB
BS_JTMXAMB7	1493	15	12	27	0.0180843938379102	MB
BS_JTWNJ8T7	2292	55	77	132	0.0575916230366492	HGG
BS_JVA2NQFF	3740	11	2	13	0.00347593582887701	LGG
BS_JVW2JJ39	3412	126	128	254	0.0744431418522861	HGG
BS_JVZ7AQPV	282	76	30	106	0.375886524822695	HGG
BS_JWSR581E	3446	12	7	19	0.00551363900174115	LGG
BS_JX4QBM9G	2958	88	22	110	0.0371872887085869	GNG
BS_JX7S9MY7	1618	84	31	115	0.0710754017305315	CPG
BS_JXTZSFX3	1666	91	33	124	0.0744297719087635	HGG
BS_JZRM1S3T	3331	31	13	44	0.0132092464725308	MB
BS_K0X3PZGN	2807	24	162	186	0.0662629141432134	HGG
BS_K1024ZPM	2305	38	12	50	0.0216919739696312	EPN
BS_K17VQECG	3060	10	21	31	0.0101307189542484	HGG
BS_K19586VM	1418	187	88	275	0.193935119887165	MB
BS_K25F4J3V	2490	11	8	19	0.00763052208835341	ATRT
BS_K2N1WEZ7	1539	29	9	38	0.0246913580246914	HGG
BS_K2PCC777	2734	12	35	47	0.0171909290416971	HGG
BS_K2VYFVKZ	3456	11	7	18	0.00520833333333333	LGG
BS_K3ER45RV	4021	34	17	51	0.0126834120865456	MB
BS_K47QA8XB	3042	34	19	53	0.017422748191979	CPG
BS_K57A4A9D	2014	65	28	93	0.0461767626613704	GNG
BS_K5802F84	4337	19	25	44	0.0101452617016371	LGG
BS_K5KWSB7D	1899	61	24	85	0.0447604002106372	EPN
BS_K74N1BXQ	2922	13	13	26	0.00889801505817933	HGG
BS_K74PZET7	3527	10	18	28	0.00793875815140346	MB
BS_K7MVS0Z7	3319	7	4	11	0.00331425128050618	LGG
BS_K81DR8XG	3488	22	23	45	0.012901376146789	MB
BS_K81PZXP2	3345	75	30	105	0.031390134529148	HGG
BS_K838XW6V	1027	76	26	102	0.0993184031158715	LGG
BS_K88T8SW7	2830	13	37	50	0.0176678445229682	HGG
BS_K8ZGHV4D	1394	126	51	177	0.126972740315638	LGG
BS_KABQQA0T	3579	19	44	63	0.0176026823134954	HGG
BS_KB7WDWY8	2615	46	18	64	0.0244741873804971	HGG
BS_KBEX4RT2	2287	9	14	23	0.010056843025798	HGG
BS_KBT7MQ6H	2501	33	19	52	0.0207916833266693	EPN
BS_KDSTG5YY	3113	9	5	14	0.00449726951493736	EPN
BS_KEA474HN	3426	5	3	8	0.00233508464681845	LGG
BS_KFD5128N	441	26	46	72	0.163265306122449	HGG
BS_KGXP2KJE	2773	35	20	55	0.0198341146772449	MB
BS_KJJZ48WS	1079	129	49	178	0.164967562557924	MB
BS_KKDTW11T	1194	187	335	522	0.437185929648241	HGG
BS_KN92S7YQ	3616	11	36	47	0.0129977876106195	MB
BS_KND4B5CW	2275	18	23	41	0.018021978021978	CPG
BS_KP735TJ6	3209	25	33	58	0.0180741664069804	HGG
BS_KPT2WPHW	3466	25	11	36	0.0103866128101558	GNG
BS_KRS4EV4X	2878	39	17	56	0.019457956914524	HGG
BS_KS8HMGA6	2791	4	15	19	0.00680759584378359	HGG
BS_KSC2H2HV	1003	99	32	131	0.130608175473579	LGG
BS_KT3C0XCA	2869	55	39	94	0.0327640292784942	EPN
BS_KT975AEF	3625	93	35	128	0.0353103448275862	LGG
BS_KVNGNETA	3010	26	15	41	0.0136212624584718	MB
BS_KVPWHDR4	2766	111	55	166	0.0600144613159798	HGG
BS_KVV7001W	3957	15	5	20	0.00505433409148345	GNG
BS_KWVZXEDS	1609	89	73	162	0.100683654443754	EPN
BS_KX9ECQZW	2114	24	15	39	0.0184484389782403	MB
BS_KXCY5BN5	3688	13	5	18	0.00488069414316703	ATRT
BS_KXMYBQ6N	2925	31	18	49	0.0167521367521368	EPN
BS_KYF0Q0E7	1270	24	15	39	0.0307086614173228	MB
BS_M0FA190Y	2737	14	13	27	0.00986481549141396	HGG
BS_M0QYNVK8	3922	15	21	36	0.00917899031106578	HGG
BS_M0XGZ53Z	586	48	18	66	0.112627986348123	HGG
BS_M15PW2N0	3527	8	10	18	0.00510348738304508	MB
BS_M1PVEHCM	3320	77	120	197	0.0593373493975904	HGG
BS_M1T1K5WV	4077	9	11	20	0.0049055678194751	EPN
BS_M1XJJA7E	861	138	50	188	0.218350754936121	HGG
BS_M3C0MZC9	896	87	46	133	0.1484375	EPN
BS_M4923M40	2811	17	9	26	0.00924937744574884	ATRT
BS_M4HQAPWK	1268	68	31	99	0.0780757097791798	MB
BS_M4NVX721	3463	19	11	30	0.00866300895177592	GNG
BS_M4TTKPNR	3338	13	12	25	0.00748951467944877	LGG
BS_M54TWTH4	1729	188	336	524	0.303065355696935	HGG
BS_M7HCF7DW	3917	5	14	19	0.00485065100842481	HGG
BS_M7XB258E	1452	74	30	104	0.0716253443526171	HGG
BS_M84H3KXA	1570	19	9	28	0.0178343949044586	MB
BS_M85CXHDV	2827	18	14	32	0.0113194198797312	HGG
BS_M86ECPHK	4545	9	24	33	0.00726072607260726	MB
BS_M8M56Z4Y	3219	26	8	34	0.0105622864243554	LGG
BS_M8WP5T16	3473	23	6	29	0.0083501295709761	LGG
BS_MA2T7ET1	2007	47	21	68	0.0338814150473343	EPN
BS_MB7WN0ZB	1560	9	14	23	0.0147435897435897	HGG
BS_MBQND18D	1580	231	59	290	0.183544303797468	LGG
BS_MBR71BJA	373	76	36	112	0.300268096514745	HGG
BS_MBSTWZA6	3826	9	4	13	0.00339780449555672	LGG
BS_MD0937XT	916	39	29	68	0.074235807860262	HGG
BS_MDBT7S5Z	2682	33	15	48	0.0178970917225951	HGG
BS_ME3HKN2C	2885	14	9	23	0.00797227036395147	LGG
BS_ME6VQGG4	2938	39	49	88	0.0299523485364193	HGG
BS_MF47B9ZW	2377	61	25	86	0.0361800588977703	GNG
BS_MF9X3PKH	3612	6	4	10	0.00276854928017719	LGG
BS_MFGZH8FK	3077	57	7	64	0.0207994800129997	HGG
BS_MG78HQDM	669	12	42	54	0.0807174887892377	HGG
BS_MH8RAG4A	2130	12	80	92	0.0431924882629108	MB
BS_MJKKGY95	3660	39	26	65	0.0177595628415301	CPG
BS_MKM0EEN1	2875	33	58	91	0.0316521739130435	HGG
BS_MKP2Y41Z	2675	25	9	34	0.0127102803738318	EPN
BS_MMNRZ1EQ	2840	19	27	46	0.0161971830985915	ATRT
BS_MN5XVP5A	3568	29	15	44	0.0123318385650224	HGG
BS_MPZ6PKW8	1387	67	36	103	0.0742609949531363	EPN
BS_MQCKXD60	1411	113	76	189	0.133947554925585	EPN
BS_MT15SGJN	890	26	18	44	0.049438202247191	EPN
BS_MV6ASWV9	2900	20	18	38	0.0131034482758621	ATRT
BS_MVW01FPB	3618	11	12	23	0.00635710337202874	ATRT
BS_MWWZBQ60	3264	18	9	27	0.00827205882352941	HGG
BS_MX92FD6D	2820	30	26	56	0.0198581560283688	LGG
BS_MY9D8XZ1	2371	7	3	10	0.00421762969211303	LGG
BS_N0877CX1	2908	38	43	81	0.0278541953232462	ATRT
BS_N1E0H8YQ	3743	18	10	28	0.00748063051028587	LGG
BS_N1R1VSAG	1826	62	15	77	0.0421686746987952	MB
BS_N210XMKR	2581	16	3	19	0.00736148779542813	LGG
BS_N4B1SZZH	3573	17	21	38	0.010635320458998	MB
BS_N51EV5FZ	812	107	53	160	0.197044334975369	HGG
BS_N5B2CZMH	2814	54	42	96	0.0341151385927505	LGG
BS_N5DVEJXT	3742	11	17	28	0.00748262960983431	EPN
BS_N5NA83D2	2697	56	186	242	0.0897293288839451	HGG
BS_N6NE6B3W	5016	28	31	59	0.011762360446571	LGG
BS_N6TQBQ8M	1462	48	27	75	0.0512995896032832	HGG
BS_N7SW36FD	1415	91	41	132	0.0932862190812721	HGG
BS_N7VQ1GQB	1698	98	37	135	0.0795053003533569	HGG
BS_N87X1T8T	2564	102	38	140	0.0546021840873635	LGG
BS_N8J1DP02	3470	19	20	39	0.0112391930835735	EPN
BS_N9C2500H	1318	72	8	80	0.0606980273141123	MB
BS_NB5XWMJT	3049	22	11	33	0.0108232207281076	LGG
BS_NB9XXBW6	2369	6	13	19	0.00802026171380329	HGG
BS_NBZNAG7Q	3159	5	101	106	0.0335549224438113	LGG
BS_NEFAASTR	2789	31	94	125	0.0448189315166726	HGG
BS_NEVYM2FP	2659	7	12	19	0.00714554343738247	HGG
BS_NFJPYMET	2072	92	46	138	0.0666023166023166	EPN
BS_NFKKDYSV	1555	55	24	79	0.0508038585209003	HGG
BS_NG9X6SJA	2386	44	10	54	0.0226320201173512	LGG
BS_NGHK9RZP	2813	16	11	27	0.00959829363668681	EPN
BS_NGSG2KB6	3570	13	19	32	0.00896358543417367	HGG
BS_NGY0TE6S	2929	19	11	30	0.0102424035506999	CPG
BS_NH7K4CD9	3005	59	124	183	0.0608985024958403	EPN
BS_NJ19NGVS	1411	29	9	38	0.0269312544294826	EPN
BS_NKCEJ5YG	1846	140	145	285	0.154387865655471	MB
BS_NKEAAFMW	3876	15	20	35	0.00902992776057791	MB
BS_NKRYMHEP	3402	19	19	38	0.0111699000587889	MB
BS_NKWZZSTY	618	148	85	233	0.377022653721683	HGG
BS_NNPEC7W1	3090	106	120	226	0.0731391585760518	HGG
BS_NNYXMSTX	1603	27	13	40	0.0249532127261385	HGG
BS_NPA6CZQF	2243	8	11	19	0.00847079803834151	HGG
BS_NQ54ST98	3489	99	27	126	0.0361134995700774	HGG
BS_NQB91P48	3363	13	24	37	0.0110020814748736	LGG
BS_NR3P3GN2	2842	5	10	15	0.00527797325826882	HGG
BS_NRFQEQKP	3066	18	5	23	0.00750163078930202	LGG
BS_NRPG5K4K	5129	16	4	20	0.00389939559368298	LGG
BS_NS7GSHB9	2773	7	5	12	0.00432744320230797	LGG
BS_NT9NZYFD	3751	16	14	30	0.00799786723540389	GNG
BS_NTG278B6	1947	27	7	34	0.0174627632254751	ATRT
BS_NVYZW8RR	1588	15	19	34	0.0214105793450882	CPG
BS_NWNB68G0	687	89	44	133	0.193595342066958	LGG
BS_NWNTY3FZ	1252	79	44	123	0.0982428115015974	EPN
BS_NX1R0BC3	2639	8	16	24	0.00909435392194013	HGG
BS_NXC3W5MZ	1766	20	21	41	0.0232163080407701	MB
BS_NY5T05AK	1198	55	22	77	0.0642737896494157	LGG
BS_NYS8TRCB	3594	22	5	27	0.00751252086811352	LGG
BS_NZ71XCG3	3991	9	31	40	0.0100225507391631	MB
BS_P277RYX5	2719	32	12	44	0.0161824200073556	GNG
BS_P2Y2NANM	1938	39	12	51	0.0263157894736842	LGG
BS_P412CPXJ	1070	127	57	184	0.17196261682243	LGG
BS_P4PMWFMV	1526	33	12	45	0.0294888597640891	HGG
BS_P5KE73DA	1967	20	11	31	0.0157600406710727	ATRT
BS_P78SMRBS	3219	19	18	37	0.0114942528735632	EPN
BS_P7A4C235	1699	21	4	25	0.0147145379635079	EPN
BS_P7EY9DXG	3036	13	13	26	0.00856389986824769	ATRT
BS_P7W3AYKV	2850	16	104	120	0.0421052631578947	HGG
BS_PAK40AMT	2116	28	20	48	0.0226843100189036	MB
BS_PC107GE3	3720	41	10	51	0.0137096774193548	MB
BS_PDVD0GCM	1269	83	17	100	0.0788022064617809	LGG
BS_PENM28KT	1040	16	54	70	0.0673076923076923	HGG
BS_PEP9NZXN	3715	6	1	7	0.0018842530282638	LGG
BS_PGD4HRWM	3094	115	296	411	0.132837750484809	HGG
BS_PGHK1JRW	3169	29	12	41	0.0129378352792679	ATRT
BS_PJ1T8CQR	2597	56	40	96	0.0369657296881017	HGG
BS_PJC6FH4Y	2116	21	15	36	0.0170132325141777	HGG
BS_PJPGVD62	2801	55	41	96	0.0342734737593717	EPN
BS_PJTQHTRA	2433	78	34	112	0.0460337032470201	EPN
BS_PK18H7E7	3798	5	13	18	0.004739336492891	LGG
BS_PKW05VZV	3006	25	12	37	0.0123087159015303	GNG
BS_PN2CE34A	3698	72	133	205	0.0554353704705246	LGG
BS_PPGGE3AN	1801	36	10	46	0.025541365907829	MB
BS_PPV5073N	2412	98	71	169	0.0700663349917081	ATRT
BS_PQ7CQFYR	2568	65	38	103	0.0401090342679128	GNG
BS_PQVTB6BB	3657	24	16	40	0.0109379272627837	HGG
BS_PRAEF32W	1868	22	14	36	0.019271948608137	EPN
BS_PRCG6W20	1239	49	24	73	0.0589184826472962	LGG
BS_PRR8K9GE	3101	22	10	32	0.0103192518542406	CPG
BS_PS0P3QJ3	934	30	60	90	0.0963597430406852	HGG
BS_PSW27ZTE	2975	10	16	26	0.00873949579831933	EPN
BS_PWDRF91N	3034	10	22	32	0.010547132498352	LGG
BS_PXCPK5XS	2896	6	9	15	0.00517955801104972	HGG
BS_PZVHMSYN	2669	67	80	147	0.055076807793181	HGG
BS_Q06J3RYW	2997	35	55	90	0.03003003003003	HGG
BS_Q13FQ8FV	480	55	90	145	0.302083333333333	HGG
BS_Q2PBFNDF	1329	91	26	117	0.0880361173814898	LGG
BS_Q35GFYDR	2090	116	101	217	0.103827751196172	HGG
BS_Q3TBCK4V	2949	8	9	17	0.00576466598847067	LGG
BS_Q5Q81SPA	2437	20	8	28	0.0114895363151416	EPN
BS_Q5WZYWCT	3229	28	27	55	0.0170331371941778	EPN
BS_Q6VH5GJ8	2595	97	26	123	0.0473988439306358	LGG
BS_Q79NP5YY	2805	9	4	13	0.00463458110516934	LGG
BS_Q7WNW1AS	1805	38	20	58	0.0321329639889197	LGG
BS_Q9N5PRD5	1401	154	82	236	0.168451106352605	HGG
BS_QB84TBA3	3230	108	278	386	0.119504643962848	HGG
BS_QBMW69AM	2873	194	81	275	0.0957187608771319	LGG
BS_QC3XCE6X	3702	13	16	29	0.00783360345759049	LGG
BS_QE6F8DQW	2728	228	129	357	0.130865102639296	MB
BS_QEYPFYHD	5640	17	44	61	0.0108156028368794	MB
BS_QF1FGWVF	2333	97	31	128	0.0548649807115302	LGG
BS_QF5VVZX5	2315	26	14	40	0.0172786177105832	GNG
BS_QGKEP3KB	2254	194	50	244	0.108251996450754	HGG
BS_QH82PBMB	2820	12	5	17	0.00602836879432624	LGG
BS_QMBS32Y2	1794	28	17	45	0.0250836120401338	HGG
BS_QMSNG9QV	181	57	14	71	0.392265193370166	CPG
BS_QNNX91SM	2821	9	6	15	0.00531726338177951	HGG
BS_QPPPGYP4	2649	45	32	77	0.0290675726689317	MB
BS_QQE8MWWV	1897	245	77	322	0.169741697416974	LGG
BS_QRDT19KS	3705	12	42	54	0.0145748987854251	MB
BS_QRNSKFMS	3027	15	11	26	0.00858936240502147	LGG
BS_QTMN8HYC	1630	72	27	99	0.0607361963190184	LGG
BS_QTSXW7DA	3235	12	4	16	0.00494590417310665	LGG
BS_QV51J756	3313	18	22	40	0.012073649260489	GNG
BS_QWTE1CWR	3736	8	14	22	0.00588865096359743	HGG
BS_QX12J6W1	3254	8	10	18	0.00553165334972342	ATRT
BS_QXKRN6CR	1376	17	8	25	0.0181686046511628	EPN
BS_QY2G1JZJ	2915	9	9	18	0.00617495711835334	HGG
BS_QYA4TQXX	2781	258	210	468	0.168284789644013	HGG
BS_QZAR0AB5	3119	9	95	104	0.0333440205193972	EPN
BS_R13X6TMW	3044	16	14	30	0.00985545335085414	LGG
BS_R244Z0WX	2978	60	31	91	0.0305574210879785	LGG
BS_R3AJB6VS	4173	115	37	152	0.0364246345554757	LGG
BS_R439VVPK	3577	23	12	35	0.00978473581213307	MB
BS_R5JQE0VJ	1918	57	26	83	0.043274244004171	HGG
BS_R5SNFB5B	3119	25	16	41	0.0131452388586085	HGG
BS_R6WNEEE4	3018	12	7	19	0.00629555997349238	MB
BS_R7HZCZ8B	3544	18	9	27	0.00761851015801354	CPG
BS_R7NTZR4C	2816	10	12	22	0.0078125	HGG
BS_R7V8BC98	2884	33	11	44	0.0152565880721221	LGG
BS_R81XA0F9	891	97	23	120	0.134680134680135	LGG
BS_R8ZAB797	3597	36	24	60	0.0166805671392827	HGG
BS_R9B92M75	3105	6	10	16	0.00515297906602254	HGG
BS_R9CKW9DY	4139	90	42	132	0.0318917612949988	LGG
BS_RARBBY7C	1804	114	47	161	0.0892461197339246	LGG
BS_RC8E5TVQ	841	42	25	67	0.079667063020214	LGG
BS_RCC8BXVE	3314	13	16	29	0.00875075437537719	MB
BS_RCFQ31XF	2323	25	4	29	0.0124838570813603	EPN
BS_RCX5628Q	1868	22	11	33	0.0176659528907923	MB
BS_RD4D5F9F	3269	8	9	17	0.00520036708473539	MB
BS_RE4X3715	2779	34	22	56	0.0201511335012594	MB
BS_REVS37G8	837	75	33	108	0.129032258064516	ATRT
BS_RFC6CATQ	2417	75	34	109	0.0450972279685561	HGG
BS_RFMQ7T0T	4193	1	17	18	0.00429286906749344	CPG
BS_RGPSEMHC	2086	23	16	39	0.0186960690316395	EPN
BS_RGQH7K0C	3504	41	10	51	0.0145547945205479	MB
BS_RGSMX7QD	2606	22	10	32	0.012279355333845	GNG
BS_RHAWQJ48	2956	20	283	303	0.102503382949932	HGG
BS_RHD7XPNP	3508	14	5	19	0.00541619156214367	EPN
BS_RHM60031	2341	66	34	100	0.0427167876975651	HGG
BS_RJC3WDD6	3300	39	107	146	0.0442424242424242	HGG
BS_RKRWCBJT	2602	109	90	199	0.0764796310530361	MB
BS_RMT7ABN6	2233	31	14	45	0.0201522615315719	LGG
BS_RN0VAY51	2884	13	15	28	0.00970873786407767	HGG
BS_RN36XFYH	2395	37	22	59	0.0246346555323591	MB
BS_RNANA568	4153	71	26	97	0.0233566096797496	LGG
BS_RPF3Z9P9	2525	24	17	41	0.0162376237623762	MB
BS_RPH4DCMK	1912	117	32	149	0.077928870292887	HGG
BS_RPJ1EPHA	1648	42	9	51	0.0309466019417476	LGG
BS_RPKA4GF9	1272	54	15	69	0.0542452830188679	GNG
BS_RPZQQM2D	734	84	34	118	0.160762942779292	LGG
BS_RQTTCJ29	1178	196	65	261	0.221561969439728	HGG
BS_RRAEQZ97	3380	16	9	25	0.00739644970414201	LGG
BS_RSTH763S	3119	53	23	76	0.0243667842257134	MB
BS_RVSEDNJ4	2534	23	13	36	0.0142067876874507	GNG
BS_RWJZFTP9	3811	8	7	15	0.00393597480976122	LGG
BS_RX1YTZ7F	2315	12	9	21	0.00907127429805616	HGG
BS_RXN5T5YT	2859	68	15	83	0.0290311297656523	HGG
BS_RYRWBV7K	3109	66	44	110	0.0353811514956578	MB
BS_RYZG8SPC	1775	71	22	93	0.0523943661971831	LGG
BS_S0175QKX	3689	11	7	18	0.00487937110328002	EPN
BS_S1KK7XRH	3600	8	8	16	0.00444444444444444	LGG
BS_S1M423AB	3909	24	39	63	0.0161166538756715	MB
BS_S1W53RNW	1526	118	47	165	0.108125819134993	CPG
BS_S20SP0WW	2650	12	8	20	0.00754716981132075	HGG
BS_S2TA8R29	2903	4	14	18	0.00620048225973131	HGG
BS_S3MET0JZ	1775	46	58	104	0.0585915492957746	HGG
BS_S50KQEXV	2274	35	10	45	0.0197889182058048	LGG
BS_S56VRTCE	2444	33	20	53	0.0216857610474632	EPN
BS_S5P8VTN5	3165	16	7	23	0.00726698262243286	HGG
BS_S69QZAJR	3873	30	16	46	0.0118770978569584	MB
BS_S6B9DVNS	1241	23	81	104	0.0838033843674456	HGG
BS_S6NJRR5W	3137	83	19	102	0.0325151418552757	CPG
BS_S6S7SK3P	2968	67	187	254	0.0855795148247979	HGG
BS_S71RJ8DH	2998	7	20	27	0.00900600400266845	ATRT
BS_S7CZY2CH	2846	12	8	20	0.00702740688685875	LGG
BS_S8K878T3	2961	16	29	45	0.0151975683890578	HGG
BS_S97F1ZY3	803	32	20	52	0.0647571606475716	MB
BS_S9929Z8B	3127	37	19	56	0.0179085385353374	GNG
BS_SA8BT7AR	1921	35	19	54	0.028110359187923	MB
BS_SAA624A4	768	56	49	105	0.13671875	EPN
BS_SB12W1XT	3644	48	27	75	0.0205817782656422	HGG
BS_SBMAM00V	2451	107	172	279	0.113831089351285	HGG
BS_SBMCD7XZ	1367	117	46	163	0.119239209948793	HGG
BS_SD0EMK7Y	2836	14	108	122	0.0430183356840621	HGG
BS_SD8YBRBR	4052	85	258	343	0.084649555774926	HGG
BS_SDA4RMMG	3273	12	8	20	0.00611060189428659	LGG
BS_SDCNP7MW	2439	17	12	29	0.011890118901189	EPN
BS_SDZY6RZ3	2630	19	4	23	0.00874524714828897	LGG
BS_SERDGASJ	2594	15	15	30	0.0115651503469545	HGG
BS_SFKZSJN1	3340	6	3	9	0.00269461077844311	LGG
BS_SH2S6SFN	1181	55	12	67	0.056731583403895	LGG
BS_SHMC4902	3542	8	1	9	0.00254093732354602	LGG
BS_SJ0HXCD0	780	178	53	231	0.296153846153846	LGG
BS_SKGJ5SY9	3555	9	15	24	0.00675105485232068	MB
BS_SNE31RRX	695	64	27	91	0.130935251798561	LGG
BS_SNQ9QFPA	2522	9	23	32	0.0126883425852498	ATRT
BS_SNVM7CZT	1878	7	9	16	0.00851970181043664	HGG
BS_SQERZ97M	1553	46	23	69	0.0444301352221507	LGG
BS_SQX5E15Z	3693	2	11	13	0.00352017330083943	LGG
BS_SR2M85RQ	2041	38	18	56	0.027437530622244	MB
BS_SR2RGDXJ	1675	194	56	250	0.149253731343284	HGG
BS_SSDK1WW1	1670	38	22	60	0.0359281437125748	CPG
BS_SV3YAAC1	812	57	20	77	0.0948275862068965	EPN
BS_SVBQN72V	942	53	28	81	0.0859872611464968	EPN
BS_SW6YC2DG	471	51	20	71	0.150743099787686	GNG
BS_SW8C9Y5Y	1910	79	34	113	0.0591623036649215	GNG
BS_SW9Z10F9	3007	203	77	280	0.0931160625207848	HGG
BS_SWRH6FKE	4497	157	44	201	0.0446964643095397	MB
BS_SX56QZRD	1627	95	61	156	0.0958819913952059	ATRT
BS_SXCZ3CXN	3621	9	10	19	0.00524716929025131	EPN
BS_SXRS2P6T	3438	3	10	13	0.00378126817917394	LGG
BS_SY3J3XR9	1348	70	81	151	0.112017804154303	HGG
BS_T0MXH2CA	1732	38	19	57	0.0329099307159353	LGG
BS_T0RKFEKR	2639	10	5	15	0.00568397120121258	LGG
BS_T11NFKSD	907	89	35	124	0.136714443219405	LGG
BS_T1DVKKJB	3457	24	16	40	0.0115707260630605	EPN
BS_T1QMEH1N	1831	33	13	46	0.0251228836701256	CPG
BS_T1W4JA94	2537	7	7	14	0.00551832873472605	LGG
BS_T1YHK6B7	3040	47	38	85	0.0279605263157895	HGG
BS_T289QKBV	1970	32	14	46	0.0233502538071066	HGG
BS_T2F48Z4E	3005	63	44	107	0.0356073211314476	HGG
BS_T2QPMZCM	3330	22	13	35	0.0105105105105105	LGG
BS_T3DGY9J9	1964	10	6	16	0.00814663951120163	HGG
BS_T3H5AY8A	3230	23	11	34	0.0105263157894737	LGG
BS_T4JFN54G	1995	17	6	23	0.0115288220551378	LGG
BS_T4P3J13C	3399	11	9	20	0.00588408355398647	EPN
BS_T55Y4Z0Y	3202	18	9	27	0.00843222985633979	LGG
BS_T5P5ME9M	1738	103	23	126	0.0724971231300345	LGG
BS_T9A8JJW5	858	16	16	32	0.0372960372960373	HGG
BS_TA4657N3	813	85	41	126	0.154981549815498	CPG
BS_TA4JQD4N	1718	73	45	118	0.0686845168800931	CPG
BS_TA9WP4TH	3069	36	34	70	0.0228087324861518	MB
BS_TBBZ93A5	2195	247	404	651	0.296583143507973	ATRT
BS_TBWYAFSM	3450	18	14	32	0.00927536231884058	EPN
BS_TCWW2GSK	1745	28	15	43	0.0246418338108883	EPN
BS_TDJXQBVY	915	88	39	127	0.13879781420765	LGG
BS_TE0GVDNG	2529	20	33	53	0.0209568999604587	MB
BS_TF8R864V	1728	71	33	104	0.0601851851851852	EPN
BS_TG93XC55	4013	24	19	43	0.0107151756790431	GNG
BS_TGS109T3	2943	12	20	32	0.0108732585796806	HGG
BS_TM9MH0RP	3175	18	6	24	0.00755905511811024	HGG
BS_TMTV769C	2997	11	6	17	0.00567233900567234	LGG
BS_TNDYEP8Z	1974	90	27	117	0.0592705167173252	CPG
BS_TNRHHYNC	3220	33	19	52	0.0161490683229814	EPN
BS_TR2P8KRF	1300	10	14	24	0.0184615384615385	HGG
BS_TRKH2SPE	3605	22	20	42	0.0116504854368932	HGG
BS_TRPXB3AV	3142	60	47	107	0.0340547422024188	HGG
BS_TRZZRYKF	1813	44	15	59	0.0325427468284611	LGG
BS_TTDNZTZ0	1887	99	22	121	0.0641229464758876	HGG
BS_TTE04ZP8	2985	6	13	19	0.00636515912897822	HGG
BS_TV5B86ZD	1640	21	20	41	0.025	HGG
BS_TV80600R	1760	112	55	167	0.0948863636363636	LGG
BS_TVH33J9Q	968	21	45	66	0.0681818181818182	HGG
BS_TVV122JG	1659	35	7	42	0.0253164556962025	LGG
BS_TW8DQH8J	1411	23	13	36	0.0255138199858257	MB
BS_TWFDEMBZ	1660	36	13	49	0.0295180722891566	LGG
BS_TX31A8Z9	1372	108	65	173	0.126093294460641	CPG
BS_TXY8QYWA	3137	40	16	56	0.0178514504303475	EPN
BS_TXZ7KHTQ	1532	24	11	35	0.022845953002611	HGG
BS_TYAYZ9ZW	3190	19	20	39	0.0122257053291536	MB
BS_TZ5D0A7R	3467	12	14	26	0.0074992789154889	EPN
BS_TZVFR600	2662	27	21	48	0.0180315552216379	MB
BS_V036JAV6	1311	115	60	175	0.13348588863463	LGG
BS_V0DQFC75	1478	139	99	238	0.161028416779432	HGG
BS_V11VZZH8	1218	77	37	114	0.0935960591133005	LGG
BS_V1J03963	1380	82	27	109	0.0789855072463768	GNG
BS_V2G1YE8R	1564	169	77	246	0.157289002557545	LGG
BS_V33RCK1Y	1401	42	7	49	0.0349750178443969	LGG
BS_V3REENH9	1329	14	11	25	0.018811136192626	LGG
BS_V3Z3DB4N	4017	19	16	35	0.00871296987801842	HGG
BS_V4D4YPV1	2609	47	17	64	0.0245304714449981	EPN
BS_V4W81SFC	3612	9	5	14	0.00387596899224806	EPN
BS_V4XCTG09	1193	69	37	106	0.0888516345347863	GNG
BS_V558NW3Q	2956	5	39	44	0.0148849797023004	HGG
BS_V6GNQ198	516	54	20	74	0.143410852713178	CPG
BS_V6RSB5HQ	2766	240	87	327	0.11822125813449	HGG
BS_V72GX2AZ	2397	19	2	21	0.00876095118898623	LGG
BS_V72H4RQS	2706	22	12	34	0.0125646711012565	MB
BS_V7BJM89K	3630	21	65	86	0.0236914600550964	LGG
BS_V7BZ049H	1366	42	9	51	0.0373352855051245	LGG
BS_V7GAAQHJ	447	45	15	60	0.134228187919463	HGG
BS_V86F5SDJ	2663	49	18	67	0.0251595944423582	CPG
BS_V89HGTET	3228	10	7	17	0.00526641883519207	LGG
BS_V8QWBVS3	3590	101	46	147	0.0409470752089136	HGG
BS_V92ZMBXX	2382	10	60	70	0.0293870696893367	HGG
BS_V9HVBBDW	3806	11	29	40	0.0105097214923805	MB
BS_VA5T4KAA	3369	23	9	32	0.00949836746809142	MB
BS_VAAHBH60	2936	11	113	124	0.0422343324250681	EPN
BS_VBEY9DVY	1024	76	37	113	0.1103515625	LGG
BS_VBFKFYAP	2527	47	18	65	0.0257222002374357	CPG
BS_VBMRQK4F	3216	6	66	72	0.0223880597014925	HGG
BS_VF3NVT4G	2813	8	5	13	0.00462140063988624	HGG
BS_VF5XWFXD	3537	9	3	12	0.00339270568278202	HGG
BS_VJ2S5DVS	3094	15	19	34	0.010989010989011	EPN
BS_VJVDJABP	3107	9	20	29	0.00933376247183779	MB
BS_VKHJG2B8	3033	10	28	38	0.0125288493241015	HGG
BS_VKYEM67A	3729	18	55	73	0.0195762939125771	HGG
BS_VMEX27TN	3224	7	19	26	0.00806451612903226	MB
BS_VMMJYN8Z	3992	10	7	17	0.00425851703406814	GNG
BS_VMQMGSJY	3542	18	19	37	0.010446075663467	HGG
BS_VNK9XYV9	3232	8	11	19	0.00587871287128713	CPG
BS_VP3C8WZT	2840	10	7	17	0.00598591549295775	LGG
BS_VP5Y45Z7	3005	15	11	26	0.0086522462562396	LGG
BS_VPBMDMQX	3612	20	37	57	0.01578073089701	MB
BS_VPMKHW9X	2836	16	20	36	0.0126939351198872	CPG
BS_VQCCYTM5	2425	40	21	61	0.0251546391752577	MB
BS_VR7FR1NE	2722	20	9	29	0.0106539309331374	LGG
BS_VSSBS981	3036	184	66	250	0.0823451910408432	LGG
BS_VT6C6N6K	2974	12	16	28	0.00941492938802959	MB
BS_VVFBW0YH	2939	13	34	47	0.0159918339571283	MB
BS_VVTHDRBD	2738	22	19	41	0.0149744338933528	HGG
BS_VXMYES3W	1314	56	48	104	0.0791476407914764	MB
BS_VZJ7403W	2449	108	51	159	0.064924458962842	HGG
BS_VZWXGYT2	1009	120	74	194	0.192269573835481	LGG
BS_W0FZ9YCY	1176	89	26	115	0.0977891156462585	MB
BS_W1385R8Y	2734	16	22	38	0.013899049012436	HGG
BS_W311713R	2829	34	71	105	0.0371155885471898	MB
BS_W4DB5RP1	2812	109	157	266	0.0945945945945946	HGG
BS_W4H1D4Y6	2649	14	17	31	0.0117025292563231	HGG
BS_W4HGV6E7	4655	15	12	27	0.00580021482277121	LGG
BS_W568T9CS	2219	37	32	69	0.0310950878774223	EPN
BS_W7379M7V	3165	4	109	113	0.0357030015797788	MB
BS_W7MFJZ5A	2853	8	12	20	0.00701016473887136	HGG
BS_W80TJC27	1242	16	7	23	0.0185185185185185	EPN
BS_W97QQYKQ	3750	8	12	20	0.00533333333333333	GNG
BS_W9AT0MR7	3111	10	20	30	0.00964320154291225	MB
BS_W9N9844Q	4105	16	14	30	0.00730816077953715	HGG
BS_WAXJY4XQ	2688	14	7	21	0.0078125	HGG
BS_WBPTY8NH	2962	30	10	40	0.0135043889264011	HGG
BS_WBVSK3MP	1156	17	63	80	0.069204152249135	HGG
BS_WCRKYV0T	3249	31	14	45	0.0138504155124654	LGG
BS_WEKK6SHP	1668	223	164	387	0.232014388489209	HGG
BS_WERNRP82	188	39	19	58	0.308510638297872	GNG
BS_WETH5SAH	1431	33	7	40	0.0279524807826695	EPN
BS_WF04GGTX	2539	33	13	46	0.0181173690429303	MB
BS_WFD0GE5X	3311	12	8	20	0.00604047115675023	EPN
BS_WFN6BS0T	958	132	63	195	0.203549060542798	HGG
BS_WFQT9J8Q	600	121	68	189	0.315	EPN
BS_WGK8ZMVA	3017	12	5	17	0.00563473649320517	EPN
BS_WH5HDE0A	4127	12	20	32	0.00775381633147565	MB
BS_WH8G4VFB	2743	202	371	573	0.208895370032811	HGG
BS_WHBEXD5H	2329	64	62	126	0.0541004723057106	HGG
BS_WK0FA4W7	949	89	39	128	0.134878819810327	HGG
BS_WQ0K79EA	1267	91	37	128	0.101026045777427	EPN
BS_WQ1YRTAT	4081	43	160	203	0.0497427101200686	HGG
BS_WQ5FDHF8	3414	105	54	159	0.046572934973638	EPN
BS_WRHDP7WF	4625	11	7	18	0.00389189189189189	EPN
BS_WRQHPSXQ	3427	18	12	30	0.00875401225561716	GNG
BS_WRQM11XH	1863	203	72	275	0.147611379495437	MB
BS_WTJEDTZC	965	57	18	75	0.077720207253886	HGG
BS_WV0S8N4M	3740	9	11	20	0.0053475935828877	ATRT
BS_WVRX4C9Z	2933	10	22	32	0.0109103307193999	LGG
BS_WVW3W6ZB	2658	11	11	22	0.00827689992475546	ATRT
BS_WWKNJSJ5	4018	44	158	202	0.0502737680438029	ATRT
BS_WYERXS4G	1127	12	8	20	0.0177462289263531	EPN
BS_WYMX429C	1964	54	6	60	0.0305498981670061	LGG
BS_WZZN982T	1481	190	83	273	0.184334908845375	MB
BS_X0F9AYEC	3518	15	8	23	0.00653780557134736	LGG
BS_X0XXN9BK	3192	6	30	36	0.0112781954887218	HGG
BS_X16PENSA	3599	10	6	16	0.00444567935537649	LGG
BS_X1S67ZEA	2591	21	6	27	0.0104206869934388	EPN
BS_X20JCR4H	3819	5	82	87	0.0227808326787117	HGG
BS_X23724NJ	4128	13	11	24	0.00581395348837209	HGG
BS_X2EDW2ZB	2537	54	30	84	0.0331099724083563	GNG
BS_X31DBRN7	1220	105	43	148	0.121311475409836	CPG
BS_X3HR4Z21	2495	64	22	86	0.0344689378757515	HGG
BS_X4DD4KSZ	3795	7	17	24	0.00632411067193676	HGG
BS_X4X1SFSE	1676	17	23	40	0.0238663484486874	HGG
BS_X56KVW29	720	91	26	117	0.1625	MB
BS_X59HSFGG	2962	8	5	13	0.00438892640108035	LGG
BS_X5DFR216	1099	81	35	116	0.105550500454959	LGG
BS_X67GTEM6	3263	5	6	11	0.0033711308611707	EPN
BS_X6GFVDVA	1911	36	10	46	0.0240711669283098	LGG
BS_X91K8KMG	2595	18	11	29	0.0111753371868979	LGG
BS_X9EGD530	3039	21	9	30	0.00987166831194472	LGG
BS_XC0PNBG2	3459	43	29	72	0.02081526452732	MB
BS_XF0ZX2B3	1494	19	7	26	0.0174029451137885	EPN
BS_XG0DBWVT	3422	12	39	51	0.0149035651665693	HGG
BS_XGDPK33A	5020	8	30	38	0.00756972111553785	HGG
BS_XGSA3GQE	3246	11	5	16	0.00492914356130622	LGG
BS_XHCYEE2S	3971	4	25	29	0.00730294636111811	CPG
BS_XKKB4MZV	2645	15	20	35	0.0132325141776938	LGG
BS_XM1AHBDJ	1183	74	25	99	0.0836855452240068	HGG
BS_XNWNXKAD	2440	39	24	63	0.0258196721311475	MB
BS_XPBEHJ77	626	102	50	152	0.242811501597444	EPN
BS_XQ5SFW35	2776	12	13	25	0.00900576368876081	HGG
BS_XQYHPBFS	2882	17	12	29	0.0100624566273421	EPN
BS_XTH0NPVQ	700	63	45	108	0.154285714285714	HGG
BS_XV4GV9Y9	2402	123	71	194	0.0807660283097419	LGG
BS_XVX21VNP	2961	108	425	533	0.18000675447484	MB
BS_XX39AH8F	618	122	69	191	0.309061488673139	LGG
BS_XYVCMF4A	1658	213	120	333	0.200844390832328	HGG
BS_XZM79E42	2258	24	12	36	0.0159433126660762	HGG
BS_Y0PCBNJV	3281	7	5	12	0.00365742151782993	LGG
BS_Y274AC0H	1592	35	14	49	0.0307788944723618	LGG
BS_Y6D7QZM4	3586	156	64	220	0.0613496932515337	HGG
BS_Y7F9E2E9	3624	18	17	35	0.00965783664459161	LGG
BS_Y7H24JZG	1858	47	20	67	0.0360602798708288	GNG
BS_Y7W8BR6B	2658	85	32	117	0.0440180586907449	LGG
BS_Y89WNXXD	1977	39	17	56	0.0283257460799191	MB
BS_Y8D1F5WW	3738	12	20	32	0.00856072766185126	MB
BS_YA0KMBRT	4884	25	47	72	0.0147420147420147	HGG
BS_YA8RBGD8	3572	9	4	13	0.00363941769316909	LGG
BS_YASWHXJC	1385	39	10	49	0.0353790613718412	LGG
BS_YB1TNZMX	2790	25	258	283	0.101433691756272	CPG
BS_YBGXGEM3	2723	44	17	61	0.0224017627616599	LGG
BS_YBGZ4BRP	641	84	38	122	0.190327613104524	GNG
BS_YCREDZTJ	3548	18	18	36	0.0101465614430665	LGG
BS_YDEVMD24	1792	17	27	44	0.0245535714285714	HGG
BS_YEB88D32	3031	11	32	43	0.0141867370504784	MB
BS_YEQVW4ND	2983	20	6	26	0.00871605766007375	LGG
BS_YETBN0RQ	3120	10	15	25	0.00801282051282051	MB
BS_YEW22W35	3158	9	16	25	0.00791640278657378	HGG
BS_YFKQYA50	2232	61	22	83	0.0371863799283154	ATRT
BS_YG0A13JH	1559	119	135	254	0.162924951892239	LGG
BS_YGWTGBWR	3233	4	31	35	0.0108258583359109	MB
BS_YH05F9DB	3030	26	14	40	0.0132013201320132	CPG
BS_YH817HDT	1755	56	20	76	0.0433048433048433	LGG
BS_YMAJC22S	3680	24	19	43	0.0116847826086957	LGG
BS_YMKQT5V0	2901	24	75	99	0.0341261633919338	HGG
BS_YMKX1VP4	4334	125	80	205	0.0473004153207199	MB
BS_YQFX2Y00	1747	36	16	52	0.0297653119633658	EPN
BS_YR12D1ZY	2233	12	9	21	0.00940438871473354	HGG
BS_YR1XY6SF	2562	25	10	35	0.0136612021857923	HGG
BS_YT4E515V	2873	88	47	135	0.0469892098851375	LGG
BS_YTMHB7J1	3110	18	267	285	0.0916398713826367	MB
BS_YTTMKCBX	2672	37	10	47	0.0175898203592814	EPN
BS_YTWEM5SG	3119	10	12	22	0.00705354280218019	HGG
BS_YVEEXAAT	1626	235	104	339	0.208487084870849	LGG
BS_YVMEEBKC	3704	5	4	9	0.00242980561555076	LGG
BS_YWHJY99A	2900	10	18	28	0.0096551724137931	MB
BS_YWJKHMXV	2595	25	6	31	0.0119460500963391	LGG
BS_YXP55JEG	2640	60	18	78	0.0295454545454545	MB
BS_YY5B2XDD	2704	24	9	33	0.0122041420118343	LGG
BS_YZ2QFDAN	3342	36	14	50	0.0149611011370437	HGG
BS_YZ2Z1Q6Y	1869	56	48	104	0.0556447298020332	LGG
BS_YZM9RFVD	2505	23	22	45	0.0179640718562874	EPN
BS_Z0AVVB1V	3343	7	6	13	0.00388872270415794	LGG
BS_Z0ZPD9S9	1859	114	42	156	0.0839160839160839	HGG
BS_Z1A875MW	3494	6	10	16	0.00457927876359473	LGG
BS_Z3RCA1T9	3994	9	16	25	0.00625938908362544	HGG
BS_Z45HD492	2952	23	10	33	0.0111788617886179	MB
BS_Z5ATH1YR	1760	211	52	263	0.149431818181818	LGG
BS_Z6BWR941	3505	6	8	14	0.00399429386590585	LGG
BS_Z7890YNR	3140	18	25	43	0.0136942675159236	EPN
BS_Z7Y2466H	3291	7	8	15	0.00455788514129444	LGG
BS_Z8F3GM85	3358	14	15	29	0.00863609291244789	HGG
BS_Z8YZ6QGS	3419	8	5	13	0.00380228136882129	HGG
BS_Z9BBQBA7	2735	16	351	367	0.13418647166362	MB
BS_ZC1194Z8	956	105	34	139	0.145397489539749	EPN
BS_ZD5HN296	2315	5	11	16	0.00691144708423326	HGG
BS_ZDJEXPYG	4050	113	50	163	0.0402469135802469	MB
BS_ZEV0M416	2018	9	14	23	0.0113974231912785	ATRT
BS_ZF34SJGN	2949	11	51	62	0.0210240759579518	CPG
BS_ZF6BSFNF	3198	9	15	24	0.0075046904315197	HGG
BS_ZHRGDRBW	4272	66	36	102	0.023876404494382	GNG
BS_ZJC7VQNA	1285	76	107	183	0.142412451361868	EPN
BS_ZJY7Y34M	2455	64	22	86	0.035030549898167	GNG
BS_ZK6WE17T	3338	7	37	44	0.0131815458358298	GNG
BS_ZM97KKXE	3818	39	25	64	0.0167627029858565	HGG
BS_ZMZTCQRM	1593	227	142	369	0.231638418079096	MB
BS_ZRF3A49T	595	72	15	87	0.146218487394958	LGG
BS_ZRM0W01M	2814	19	14	33	0.011727078891258	LGG
BS_ZT3QMF6F	517	87	47	134	0.259187620889749	HGG
BS_ZTWGFWTX	2563	25	11	36	0.0140460397971128	LGG
BS_ZV1P6W9C	2862	36	19	55	0.0192173305380853	HGG
BS_ZV68CES9	3884	14	12	26	0.00669412976313079	MB
BS_ZV9Z3SY6	2937	14	7	21	0.00715015321756895	LGG
BS_ZVX2GRD6	2649	26	15	41	0.0154775386938467	LGG
BS_ZVZDDW2G	2988	14	8	22	0.00736278447121821	LGG
BS_ZWR9W4FX	3302	15	16	31	0.00938824954572986	CPG
BS_ZXYDSBM9	3463	17	23	40	0.0115506786023679	MB
BS_ZYBZRQRC	2243	32	16	48	0.0213999108337049	MB
BS_ZYVWSXNK	1784	70	20	90	0.0504484304932735	EPN
BS_ZZMYDZJW	3487	8	7	15	0.00430169199885288	LGG
BS_ZZWMD6FA	3761	9	5	14	0.00372241425152885	GNG
