proteo	rna
-0.49530144	-0.073765838
0.105547896	0.454479697
-1.110939418	0.578631107
-1.432198293	-0.830313439
-0.841116342	-0.39327017
-1.158403086
-2.085624701	-2.098138093
-0.526157771
-0.663653134	0.282362618
-1.316336309	-0.384796146
-1.278924709	-0.758875448
-2.167956629	-0.321508509
-0.638931579	-0.339088905
-0.954190152	-0.599162642
-1.207767503	-0.288858182
-1.891913073	-1.368002306
-1.432287036	-0.766161973
-0.821166434
-0.98390866	-0.483383616
-1.372908855	-0.719660228
-0.89504558	-0.669043891
-1.856450586	-1.211436889
-1.133530548	-1.147011558
-1.305372795	-0.668736749
0.155752312	0.653766547
-1.276752851	-1.550119682
-1.95589356	-2.512359332
-1.155153454	-1.899477413
-0.998831895	-1.479465387
-0.894820974	-2.116820385
-1.005646008	-2.197504122
-1.948540368
-1.648954683
-0.98148734	-2.067136976
-1.975076364	-2.914562656
-1.027060729	-2.161550327
-0.563772755	-2.767497458
-0.759175901	-0.672131614
-0.961071647
-1.059325869	-1.530911315
-1.300021935
-1.096606983
-0.947869372	-2.232218058
-1.123331977	-1.9071359
-1.415006948	-2.483854211
-1.234671637	-0.884577541
-0.569964099	-0.123789018
-1.355199466	-0.549486427
-0.455662841	0.349928749
-0.364967699	-0.601168146
-0.97105391
-1.602566051	-2.534061105
-0.970651012	-0.593388581
-1.365819331	-1.425315033
0.060415588	-0.1914157
-0.792899058	-1.283021572
-1.555995638	-1.446574029
-0.292442849	0.007680642
-0.08411303	0.476443825
-0.184839771
-1.236410008	-0.107831357
-0.522457158	-2.849766441
-0.612097046	-0.494688901
-1.103522301	-1.639113792
-1.338474831	-0.852561128
-0.97991048	-1.372598055
-0.229522685
0.602525797	0.026245816
0.068246253	0.882490774
0.059239773	0.841108867
-0.495587295	-1.573616764
-0.265588116	-1.075790342
1.567227012	0.647603812
0.201486768	0.331667835
0.044230931
-0.295698149	-0.847140009
1.084125956	0.726955932
0.060177421	0.728408469
-0.430545181	0.376171026
0.113720028	-0.537161777
-0.900857623	0.029148854
-0.281531075	-0.531369545
-0.026979661	-0.149035858
-0.84531932	-0.462160246
-0.47888579	-0.126607352
-0.573384191
-0.72801496
-0.146873152	0.539531847
-0.530293587	-0.230043063
-0.293583115	0.408811368
-0.613879891	0.103879932
-0.743132279
0.433081189	1.387346768
-0.442461693
-0.722441752	-0.630969182
-0.566307142	-0.649138526
-0.613292149	-1.426275506
-0.860939226	-0.424138444
0.657090976	0.176043814
-0.949137433	-0.286900327
-0.381744592	-0.656318483
0.599536272	0.081354088
1.140448462	0.140336321
-0.607956215	-0.247144597
0.370366593	0.779030607
-0.534348734
-0.274241123
-1.216349956	-0.169553454
-0.055239543	0.936519347
-0.578973829	0.67091412
0.046370497	0.385548736
-0.329196209	0.074344737
0.813491779	0.25994972
-0.220520906	-0.482525875
-0.714186743	0.149647968
-0.506031686	-0.599213272
-0.404372614	-0.475351988
0.04208496	-0.425348132
-0.63248905	-0.586274311
-0.755517377
-0.60561324	-0.746120271
0.4902922	0.366656986
-0.273451339
-0.367735265	0.720442711
0.173326885	0.661081653
0.203597741	0.435052382
0.416842969	0.738133885
0.631522745	0.235918293
-0.016213822	0.032333993
-0.167078206	0.264341112
0.3972349	0.993335503
-0.422681279
-0.44121463	-0.221489923
0.582856263	1.334344875
-0.029889811	0.588061948
1.412592124	1.390361005
0.518209114	0.0691502
1.506639849	0.859077238
2.000834992	0.792378078
0.922313004
0.973127128	1.17024181
0.967962803	0.570480095
-0.022155765	0.917982018
0.208004508	-0.53038652
0.343413189	1.002633419
1.047417896	0.719947509
-0.457983507	-0.099739563
0.833481407	0.574243562
1.096176724	1.154946875
0.718344854
0.830337901	0.53047371
0.923462616
0.752604	0.497650253
1.457005061	1.318636154
0.123515812
1.685962729	-0.209055131
1.359805521	1.513069208
1.179879312	0.978021405
1.161241424	0.61958337
1.500481392
2.306897156	2.396960343
2.022337569	2.006668623
2.282210625
2.249737658	0.720761742
1.878531784	0.428972562
1.578464991	1.439423708
1.200970673	0.842426604
1.206483049	0.935391162
1.045387037	0.657860969
1.404296982	1.703600889
0.444580707	0.433765063
0.212647049	0.279830369
0.54178911	0.788485829
-0.266783744	0.647489055
0.965800362
0.330242501	0.291131761
0.543906668	0.478589673
0.834949877	0.458895928
0.317127365
0.132564817
1.136551694	0.951554007
1.166329869	0.662824149
0.547728249	0.844170741
0.47897528	0.570670401
1.672327435	1.478364656
1.45915185	0.811312557
0.694225226	1.103876594
0.396390529	0.509406763
0.791215368	0.391827961
0.591711494	0.388782812
0.760701938	0.410759278
1.000479045	0.835015316
0.848204479	0.547112292
0.849987671	0.931723184
0.410769979	0.558598367
0.485918564	0.355961029
0.572618801	0.513520611
0.588760732	0.386868131
0.67762222	0.307834561
0.498419238	0.445745302
1.130443094	0.807432848
1.516157833	1.213707659
0.236549414	0.456758191
1.221148797	0.504133003
0.783490019	0.659057386
1.246795195	0.903493611
1.545274029	1.118595144
1.870083236	0.719027707
1.472329613	0.721357045
-0.491684764	0.196657207
1.264376525	1.038650961
1.195458478	0.544250298
0.383892294	0.578322861
1.321093552	0.910294333
1.701130638	0.455449036
1.458704652	0.813089682
1.660610769	0.593260952
0.287906563	0.677530594
