ID	GeneID	geneSymbol	chr	strand	exonStart_0base	exonEnd	upstreamES	upstreamEE	downstreamES	downstreamEE	ID	IJC_SAMPLE_1	SJC_SAMPLE_1	IJC_SAMPLE_2	SJC_SAMPLE_2	IncFormLen	SkipFormLen	PValue	FDR	IncLevel1	IncLevel2	IncLevelDifference	Type
13052	"ENSG00000004897.12"	"CDC27"	chr17	-	47123885	47123960	47122443	47122600	47129392	47129521	13052	27,93,2,24,81	32,2,4,0,28	18,469,10,244,415	18,9,0,0,2	224	149	0.00106323440997	0.022667245331661062	0.359,0.969,0.25,1.0,0.658	0.399,0.972,1.0,1.0,0.993	-0.226	Driver
115245	"ENSG00000204410.16"	"MSH5"	chr6	+	31745236	31745319	31744545	31744581	31747386	31747432	115245	0,0,0,0,0	13,30,3,79,17	1,52,2,5,4	10,248,0,5,42	232	149	6.02058983816e-05	0.002093314636902168	0.0,0.0,0.0,0.0,0.0	0.06,0.119,1.0,0.391,0.058	-0.326	Driver
123706	"ENSG00000106462.11"	"EZH2"	chr7	-	148814913	148815039	148813958	148814137	148815505	148815546	123706	24,24,6,19,10	33,2,5,6,1	13,597,23,83,110	41,18,0,0,0	275	149	0.000550600282355	0.013201833215744306	0.283,0.867,0.394,0.632,0.844	0.147,0.947,1.0,1.0,1.0	-0.215	Driver
7145	"ENSG00000105221.18"	"AKT2"	chr19	-	40237968	40238091	40235889	40236104	40241937	40242069	7145	27,8,5,2,13	6,0,2,1,1	18,43,3,16,22	0,0,0,0,0	272	149	0.000110242055556	0.0034812211169461503	0.711,1.0,0.578,0.523,0.877	1.0,1.0,1.0,1.0,1.0	-0.262	Kinase
9309	"ENSG00000076984.17"	"MAP2K7"	chr19	+	7905807	7905855	7903884	7904068	7909754	7909896	9309	3,15,0,1,4	174,240,27,318,128	2,5,0,370,252	133,378,25,118,55	197	149	0.000749241436352	0.017038036345803857	0.013,0.045,0.0,0.002,0.023	0.011,0.01,0.0,0.703,0.776	-0.283	Kinase
16115	"ENSG00000185324.22"	"CDK10"	chr16	+	89689251	89689324	89686669	89686759	89690552	89690557	16115	13,16,6,59,4	10,7,2,10,2	31,192,26,189,100	3,15,0,22,16	222	149	0.000379875445244	0.009736862278863284	0.466,0.605,0.668,0.798,0.573	0.874,0.896,1.0,0.852,0.808	-0.264	Kinase
16119	"ENSG00000185324.22"	"CDK10"	chr16	+	89689251	89689324	89687588	89687815	89690552	89690557	16119	14,20,12,41,2	4,9,4,10,16	28,136,23,128,77	30,5,2,3,2	222	149	0.000381145539283	0.009754988132983972	0.701,0.599,0.668,0.733,0.077	0.385,0.948,0.885,0.966,0.963	-0.274	Kinase
21618	"ENSG00000035664.11"	"DAPK2"	chr15	-	63924815	63924861	63912107	63912197	63925940	63926093	21618	2,21,0,23,20	0,8,2,11,8	8,16,20,14,2	3,2,0,0,0	195	149	0.000213755921233	0.006023845437413781	1.0,0.667,0.0,0.615,0.656	0.671,0.859,1.0,1.0,1.0	-0.318	Kinase
24105	"ENSG00000080823.23"	"MOK"	chr14	-	102251755	102251804	102250811	102250987	102251916	102251995	24105	5,14,0,8,14	4,6,5,2,6	3,4,5,56,12	4,0,0,4,0	198	149	0.000316411173188	0.008356078925838712	0.485,0.637,0.0,0.751,0.637	0.361,1.0,1.0,0.913,1.0	-0.353	Kinase
44570	"ENSG00000170390.16"	"DCLK2"	chr4	+	150253473	150253556	150249567	150249684	150256019	150256119	44570	0,18,2,8,5	70,386,38,389,419	2,11,0,71,62	147,593,228,23,8	232	149	0.000536121118596	0.012905159946927357	0.0,0.029,0.033,0.013,0.008	0.009,0.012,0.0,0.665,0.833	-0.287	Kinase
48111	"ENSG00000178950.17"	"GAK"	chr4	-	896459	896549	893873	894009	898032	898158	48111	57,200,7,188,71	74,51,16,24,32	72,622,20,523,299	56,18,0,0,10	239	149	1.77997805606e-07	1.5009457447330813e-05	0.324,0.71,0.214,0.83,0.58	0.445,0.956,1.0,1.0,0.949	-0.338	Kinase
49092	"ENSG00000072518.20"	"MARK2"	chr11	+	63908259	63908304	63904785	63905043	63908876	63909237	49092	31,121,1,88,25	93,62,18,101,84	4,266,8,354,269	126,103,2,8,5	194	149	0.000468843576976	0.011580640931126408	0.204,0.6,0.041,0.401,0.186	0.024,0.665,0.754,0.971,0.976	-0.392	Kinase
59749	"ENSG00000154310.17"	"TNIK"	chr3	-	171139469	171139556	171138190	171138379	171140398	171140509	59749	106,489,54,582,784	59,6,0,2,10	179,185,8,1,0	14,38,0,10,4	236	149	0.000197941651779	0.005650342314189582	0.531,0.981,1.0,0.995,0.98	0.89,0.755,1.0,0.059,0.0	0.357	Kinase
63597	"ENSG00000104205.15"	"SGK3"	chr8	+	66677641	66677954	66667551	66667701	66678218	66678295	63597	12,23,4,8,18	4,2,0,0,0	0,15,1,13,12	2,12,37,0,5	298	149	1.06566777047e-05	0.0004841091453039502	0.6,0.852,1.0,1.0,1.0	0.0,0.385,0.013,1.0,0.545	0.502	Kinase
85195	"ENSG00000013441.16"	"CLK1"	chr2	-	200860124	200860215	200859679	200859746	200861237	200861466	85195	1238,1001,94,605,1383	2,1,0,2,4	1669,224,14,111,67	10,207,23,110,109	240	149	0	0.0	0.997,0.998,1.0,0.995,0.995	0.99,0.402,0.274,0.385,0.276	0.532	Kinase
92099	"ENSG00000114670.14"	"NEK11"	chr3	+	131027929	131028002	131026911	131027218	131029612	131029878	92099	2,49,4,40,34	11,6,0,0,2	3,3,6,6,4	0,0,0,0,0	222	149	0.000105952453735	0.0033640441928375914	0.109,0.846,1.0,1.0,0.919	1.0,1.0,1.0,1.0,1.0	-0.225	Kinase
95210	"ENSG00000065559.15"	"MAP2K4"	chr17	+	12054888	12054991	12020869	12021001	12095574	12095694	95210	30,69,7,32,79	27,5,4,10,34	37,146,2,181,124	15,6,0,16,4	252	149	0.000237061375974	0.006564109507935114	0.396,0.891,0.509,0.654,0.579	0.593,0.935,1.0,0.87,0.948	-0.263	Kinase
95211	"ENSG00000065559.15"	"MAP2K4"	chr17	+	12081355	12081530	12020869	12021001	12095574	12095694	95211	51,75,9,68,149	27,5,4,10,34	70,226,3,202,171	15,6,0,16,4	298	149	0.000177698142809	0.005179222610512775	0.486,0.882,0.529,0.773,0.687	0.7,0.95,1.0,0.863,0.955	-0.222	Kinase
105647	"ENSG00000143479.17"	"DYRK3"	chr1	+	206637649	206637761	206635535	206635780	206647387	206647989	105647	768,174,2,36,69	329,9,2,6,318	34,278,13,146,87	16,6,0,3,0	261	149	1.99611285551e-05	0.0008234661259061469	0.571,0.917,0.363,0.774,0.11	0.548,0.964,1.0,0.965,1.0	-0.348	Kinase
110421	"ENSG00000130669.17"	"PAK4"	chr19	+	39168229	39168312	39125797	39125919	39169531	39169757	110421	81,149,27,244,88	121,127,10,132,113	84,447,42,460,253	34,284,1,128,91	232	149	0.000927362834117	0.02029908062385624	0.301,0.43,0.634,0.543,0.333	0.613,0.503,0.964,0.698,0.641	-0.236	Kinase
122093	"ENSG00000113240.13"	"CLK4"	chr5	-	178617343	178617434	178616881	178616948	178618555	178618778	122093	183,230,29,110,183	4,1,0,0,0	214,37,16,54,33	4,28,6,28,38	240	149	0	0.0	0.966,0.993,1.0,1.0,1.0	0.971,0.451,0.623,0.545,0.35	0.404	Kinase
124694	"ENSG00000204580.13"	"DDR1"	chr6	+	30884057	30884145	30881065	30881125	30884537	30884710	124694	5,20,0,47,18	18,126,11,751,111	11,40,0,17,6	39,112,4,1,0	237	149	0.00164724724197	0.03247993365372196	0.149,0.091,0.0,0.038,0.093	0.151,0.183,0.0,0.914,1.0	-0.375	Kinase
124709	"ENSG00000204580.13"	"DDR1"	chr6	+	30885624	30885680	30881065	30881125	30888687	30888814	124709	45,104,5,174,55	224,509,31,1588,403	67,186,19,90,39	184,1259,23,8,0	205	149	8.07889557886e-06	0.0003843039418287382	0.127,0.129,0.105,0.074,0.09	0.209,0.097,0.375,0.891,1.0	-0.409	Kinase
4624	"ENSG00000131051.24"	"RBM39"	chr20	-	35729461	35729527	35729311	35729365	35731940	35732135	4624	242,1319,75,618,523	282,239,63,144,306	172,1793,270,1468,1138	392,23,7,33,17	215	149	3.37773385728e-06	0.00018481127229575355	0.373,0.793,0.452,0.748,0.542	0.233,0.982,0.964,0.969,0.979	-0.244	RBP
4626	"ENSG00000131051.24"	"RBM39"	chr20	-	35729461	35729551	35729311	35729365	35731940	35732135	4626	64,388,23,89,152	282,239,63,144,306	52,573,78,437,349	392,23,7,33,17	239	149	2.08292445358e-06	0.00012232225176287852	0.124,0.503,0.185,0.278,0.236	0.076,0.94,0.874,0.892,0.928	-0.477	RBP
4635	"ENSG00000131051.24"	"RBM39"	chr20	-	35740524	35740597	35738967	35739017	35740823	35740887	4635	28,83,4,38,59	450,825,73,187,520	21,359,32,405,305	500,759,49,511,282	222	149	4.78087569533e-11	1.1648510411284231e-08	0.04,0.063,0.035,0.12,0.071	0.027,0.241,0.305,0.347,0.421	-0.202	RBP
9808	"ENSG00000071626.16"	"DAZAP1"	chr19	+	1425877	1425960	1422347	1422396	1428841	1428995	9808	63,196,10,85,138	80,81,16,39,46	45,1366,132,1364,1064	95,58,25,39,39	232	149	0.000173240108177	0.005071996654871305	0.336,0.608,0.286,0.583,0.658	0.233,0.938,0.772,0.957,0.946	-0.275	RBP
19483	"ENSG00000205937.12"	"RNPS1"	chr16	-	2266109	2266216	2264572	2264760	2267662	2267833	19483	10,18,2,12,19	4,49,0,33,32	9,9,0,0,4	2,136,13,129,105	256	149	0.000451445962405	0.011214741179408775	0.593,0.176,1.0,0.175,0.257	0.724,0.037,0.0,0.0,0.022	0.284	RBP
22377	"ENSG00000104177.18"	"MYEF2"	chr15	-	48152233	48152284	48151873	48151942	48153791	48153893	22377	38,178,36,238,237	60,87,10,98,61	65,621,26,162,87	21,117,9,5,2	200	149	4.41499886346e-05	0.0016205672174430172	0.321,0.604,0.728,0.644,0.743	0.698,0.798,0.683,0.96,0.97	-0.214	RBP
30164	"ENSG00000122965.11"	"RBM19"	chr12	-	113950082	113950154	113948832	113949036	113952511	113952590	30164	106,204,4,126,81	28,1,6,22,22	75,430,16,190,110	26,11,0,2,0	221	149	0.00122047186463	0.025420021578526235	0.718,0.993,0.31,0.794,0.713	0.66,0.963,1.0,0.985,1.0	-0.216	RBP
37751	"ENSG00000101104.12"	"PABPC1L"	chr20	+	44938060	44938191	44936636	44936730	44958336	44958807	37751	22,29,4,55,22	5,11,2,13,7	98,46,34,59,23	4,1,4,0,4	280	149	1.92274747457e-07	1.5985570255371373e-05	0.701,0.584,0.516,0.692,0.626	0.929,0.961,0.819,1.0,0.754	-0.269	RBP
38035	"ENSG00000173933.20"	"RBM4"	chr11	+	66643449	66643528	66639699	66640123	66646026	66646469	38035	215,388,78,197,210	3,52,4,48,37	267,463,163,458,296	17,170,204,119,110	228	149	0.000856228111036	0.01901639917483865	0.979,0.83,0.927,0.728,0.788	0.911,0.64,0.343,0.716,0.637	0.201	RBP
42782	"ENSG00000148840.11"	"PPRC1"	chr10	+	102143044	102143098	102139099	102142004	102146671	102147392	42782	51,30,4,18,9	32,2,0,4,26	18,47,11,82,62	8,3,0,2,0	203	149	0.00125617749207	0.02602216145704785	0.539,0.917,1.0,0.768,0.203	0.623,0.92,1.0,0.968,1.0	-0.217	RBP
42788	"ENSG00000148840.11"	"PPRC1"	chr10	+	102144249	102144307	102143044	102143098	102146671	102147392	42788	26,20,2,4,5	22,0,0,3,2	20,25,1,47,18	0,4,0,0,2	207	149	0.000556599554858	0.013304353022144522	0.46,1.0,1.0,0.49,0.643	1.0,0.818,1.0,1.0,0.866	-0.218	RBP
42790	"ENSG00000148840.11"	"PPRC1"	chr10	+	102145019	102145090	102139099	102142004	102146671	102147392	42790	25,40,4,44,15	32,2,0,4,26	55,78,3,219,107	8,3,0,2,0	220	149	4.00476649105e-05	0.0014961393918758847	0.346,0.931,1.0,0.882,0.281	0.823,0.946,1.0,0.987,1.0	-0.263	RBP
46887	"ENSG00000100722.20"	"ZC3H14"	chr14	+	88596733	88596808	88577984	88578140	88601923	88602083	46887	38,172,7,51,129	23,38,4,4,26	69,532,16,341,228	5,65,0,20,32	224	149	0.00114509618758	0.024135817263747077	0.524,0.751,0.538,0.895,0.767	0.902,0.845,1.0,0.919,0.826	-0.203	RBP
49027	"ENSG00000136527.18"	"TRA2B"	chr3	-	185931576	185931852	185926600	185926734	185937824	185938029	49027	300,65,7,165,770	125,310,16,142,305	67,355,16,115,136	134,1356,124,858,499	298	149	1.49470361144e-06	9.28218730921461e-05	0.545,0.095,0.179,0.367,0.558	0.2,0.116,0.061,0.063,0.12	0.237	RBP
73340	"ENSG00000131773.14"	"KHDRBS3"	chr8	+	135645058	135645117	135581877	135582073	135646992	135647142	73340	192,98,35,110,120	122,11,8,21,166	85,215,243,99,90	40,11,0,0,1	208	149	1.60054048015e-07	1.3745644350501938e-05	0.53,0.865,0.758,0.79,0.341	0.604,0.933,1.0,1.0,0.985	-0.248	RBP
73398	"ENSG00000090097.21"	"PCBP4"	chr3	-	51961940	51962088	51961159	51961270	51962809	51962892	73398	6,10,6,43,26	0,0,0,1,0	10,1,9,18,8	0,3,0,2,3	297	149	0.000885784584009	0.019523549974544738	1.0,1.0,1.0,0.956,1.0	1.0,0.143,1.0,0.819,0.572	0.284	RBP
73405	"ENSG00000090097.21"	"PCBP4"	chr3	-	51962809	51962892	51961940	51962088	51973964	51974016	73405	6,5,3,21,17	0,0,0,0,0	5,1,9,16,7	0,0,0,6,15	232	149	1.88507645111e-05	0.0007843701298456937	1.0,1.0,1.0,1.0,1.0	1.0,1.0,1.0,0.631,0.231	0.228	RBP
73539	"ENSG00000100813.14"	"ACIN1"	chr14	-	23071124	23071186	23069475	23069617	23071426	23071538	73539	12,21,2,21,20	17,38,13,72,61	61,231,14,128,67	37,311,10,149,83	211	149	3.46063258506e-05	0.0013166584454835529	0.333,0.281,0.098,0.171,0.188	0.538,0.344,0.497,0.378,0.363	-0.21	RBP
86739	"ENSG00000114416.18"	"FXR1"	chr3	+	180933333	180933386	180912490	180912736	180947864	180947936	86739	25,23,4,8,44	33,12,17,2,259	15,20,50,42,34	116,6,0,4,3	202	149	0.00169888267039	0.033306388820071746	0.358,0.586,0.148,0.747,0.111	0.087,0.711,1.0,0.886,0.893	-0.325	RBP
87535	"ENSG00000102317.18"	"RBM3"	chrX	+	48575814	48576083	48575167	48575283	48576313	48576419	87535	280,119,25,31,92	0,0,1,0,0	132,35,1,57,42	0,19,0,10,23	298	149	6.14419626288e-12	1.8866740015139726e-09	1.0,1.0,0.926,1.0,1.0	1.0,0.479,1.0,0.74,0.477	0.246	RBP
87536	"ENSG00000102317.18"	"RBM3"	chrX	+	48575814	48576083	48575560	48575667	48576313	48576419	87536	409,221,42,76,131	2,92,6,113,108	254,63,21,93,64	13,1833,720,3044,1665	298	149	2.96600584093e-08	3.256004186051621e-06	0.99,0.546,0.778,0.252,0.378	0.907,0.017,0.014,0.015,0.019	0.394	RBP
87537	"ENSG00000102317.18"	"RBM3"	chrX	+	48575921	48576083	48575560	48575667	48576313	48576419	87537	231,119,25,29,80	2,92,6,113,108	129,35,1,57,45	13,1833,720,3044,1665	298	149	1.3179441527e-07	1.1667593749352319e-05	0.983,0.393,0.676,0.114,0.27	0.832,0.009,0.001,0.009,0.013	0.314	RBP
95881	"ENSG00000133226.17"	"SRRM1"	chr1	+	24663182	24663224	24662659	24662804	24666814	24666845	95881	28,174,7,118,66	185,219,19,224,191	17,431,21,653,448	85,501,12,324,212	191	149	0.0016457288038	0.032455286430593734	0.106,0.383,0.223,0.291,0.212	0.135,0.402,0.577,0.611,0.622	-0.226	RBP
98900	"ENSG00000173914.12"	"RBM4B"	chr11	-	66666271	66666493	66665547	66665578	66668614	66668685	98900	34,18,2,17,13	8,109,6,28,6	8,7,23,3,1	40,49,48,72,49	298	149	0.000110028026048	0.00347530540498433	0.68,0.076,0.143,0.233,0.52	0.091,0.067,0.193,0.02,0.01	0.254	RBP
99381	"ENSG00000090905.19"	"TNRC6A"	chr16	+	24750725	24750813	24729650	24729846	24776932	24777358	99381	0,2,0,4,2	20,5,2,4,52	0,15,2,14,12	32,21,0,1,10	237	149	0.000419476184431	0.010557533599106607	0.0,0.201,0.0,0.386,0.024	0.0,0.31,1.0,0.898,0.43	-0.405	RBP
99383	"ENSG00000090905.19"	"TNRC6A"	chr16	+	24750725	24750813	24730252	24730300	24776932	24777358	99383	31,74,8,53,23	18,25,4,14,61	23,202,4,97,88	22,17,0,7,10	237	149	0.00137382942216	0.02801802873551744	0.52,0.65,0.557,0.704,0.192	0.397,0.882,1.0,0.897,0.847	-0.28	RBP
99392	"ENSG00000090905.19"	"TNRC6A"	chr16	+	24793472	24793649	24789231	24791817	24794543	24794719	99392	126,369,41,225,152	17,5,0,10,1	211,215,13,115,99	0,257,3,220,223	298	149	9.68250339684e-07	6.399102600279088e-05	0.787,0.974,1.0,0.918,0.987	1.0,0.295,0.684,0.207,0.182	0.46	RBP
109682	"ENSG00000116001.16"	"TIA1"	chr2	-	70228343	70228462	70227734	70227791	70229058	70229091	109682	6,17,2,8,16	0,0,0,0,0	4,7,0,21,20	0,9,1,5,8	268	149	1.4591249986e-08	1.770477523930341e-06	1.0,1.0,1.0,1.0,1.0	1.0,0.302,0.0,0.7,0.582	0.483	RBP
109684	"ENSG00000116001.16"	"TIA1"	chr2	-	70228343	70228462	70227734	70227822	70229058	70229091	109684	9,23,2,8,29	10,43,4,6,25	4,30,1,22,35	25,260,5,91,89	268	149	6.84325525135e-08	6.729338827075261e-06	0.333,0.229,0.218,0.426,0.392	0.082,0.06,0.1,0.118,0.179	0.212	RBP
114485	"ENSG00000164548.11"	"TRA2A"	chr7	-	23522120	23522432	23521706	23521840	23531788	23531980	114485	151,43,3,65,118	61,137,17,41,112	6,167,5,79,46	95,378,51,398,248	298	149	5.5453526755e-06	0.00027811353503058475	0.553,0.136,0.081,0.442,0.345	0.031,0.181,0.047,0.09,0.085	0.225	RBP
114487	"ENSG00000164548.11"	"TRA2A"	chr7	-	23522131	23522432	23521706	23521840	23531788	23532041	114487	122,40,3,62,102	61,137,17,41,112	12,157,1,73,35	95,378,51,398,248	298	149	1.44250824363e-06	9.024930479944809e-05	0.5,0.127,0.081,0.431,0.313	0.059,0.172,0.01,0.084,0.066	0.212	RBP
119544	"ENSG00000015479.19"	"MATR3"	chr5	+	139307238	139308327	139293729	139293805	139316075	139316188	119544	55,337,41,204,230	161,2,2,0,147	102,491,59,467,236	16,0,0,2,0	298	149	0.000896743756424	0.019738368573352344	0.146,0.988,0.911,1.0,0.439	0.761,1.0,1.0,0.992,1.0	-0.254	RBP
119554	"ENSG00000015479.19"	"MATR3"	chr5	+	139314674	139314736	139293679	139293805	139316075	139316188	119554	22,2,2,2,16	161,2,2,0,147	1,38,2,22,25	16,0,0,2,0	211	149	1.58765446765e-05	0.0006759524560829281	0.088,0.414,0.414,1.0,0.071	0.042,1.0,1.0,0.886,1.0	-0.388	RBP
119558	"ENSG00000015479.19"	"MATR3"	chr5	+	139315696	139315738	139293721	139293805	139316075	139316188	119558	65,219,33,85,149	161,2,2,0,147	79,339,86,339,168	16,0,0,2,0	191	149	0.000225504849013	0.006289594970457701	0.24,0.988,0.928,1.0,0.442	0.794,1.0,1.0,0.992,1.0	-0.238	RBP
124021	"ENSG00000139793.18"	"MBNL2"	chr13	+	97366458	97366553	97357481	97357635	97391321	97391599	124021	39,86,15,19,100	38,174,13,22,153	77,106,5,369,75	50,16,0,181,75	244	149	0.00088651569265	0.01953563797996843	0.385,0.232,0.413,0.345,0.285	0.485,0.802,1.0,0.555,0.379	-0.312	RBP
127535	"ENSG00000179134.15"	"SAMD4B"	chr19	+	39354005	39354066	39342395	39342576	39356688	39357089	127535	46,131,13,91,59	9,54,11,24,38	57,236,10,314,154	11,23,3,10,23	210	149	3.3070173111e-07	2.56897628780415e-05	0.784,0.633,0.456,0.729,0.524	0.786,0.879,0.703,0.957,0.826	-0.205	RBP
128209	"ENSG00000122299.12"	"ZC3H7A"	chr16	-	11761405	11761511	11758430	11758539	11761909	11762043	128209	38,241,0,76,102	6,4,2,2,11	11,546,60,469,356	2,9,0,0,0	255	149	0.000532820872514	0.012836999688718124	0.787,0.972,0.0,0.957,0.844	0.763,0.973,1.0,1.0,1.0	-0.235	RBP
128210	"ENSG00000122299.12"	"ZC3H7A"	chr16	-	11761467	11761511	11758430	11758539	11761909	11762043	128210	8,47,0,8,16	6,4,2,2,11	2,119,22,145,100	2,9,0,0,0	193	149	4.92107842576e-06	0.00025264381968464073	0.507,0.901,0.0,0.755,0.529	0.436,0.911,1.0,1.0,1.0	-0.331	RBP
128213	"ENSG00000122299.12"	"ZC3H7A"	chr16	-	11769030	11769095	11768314	11768501	11770782	11770841	128213	7,83,0,13,43	24,3,3,3,30	10,309,21,210,163	20,12,0,3,2	214	149	0.000511225486505	0.012422865616712877	0.169,0.951,0.0,0.751,0.499	0.258,0.947,1.0,0.98,0.983	-0.36	RBP
135514	"ENSG00000185252.19"	"ZNF74"	chr22	+	20395332	20395418	20394150	20394662	20405376	20406968	135514	9,10,4,51,8	7,8,0,11,11	26,51,24,31,19	17,4,0,2,0	235	149	0.00249687755529	0.045896296793524895	0.449,0.442,1.0,0.746,0.316	0.492,0.89,1.0,0.908,1.0	-0.267	RBP
146777	"ENSG00000198000.12"	"NOL8"	chr9	-	92311145	92311259	92310552	92310675	92314266	92316138	146777	41,153,5,76,41	16,13,2,7,9	42,261,28,282,154	9,7,0,0,1	263	149	4.54448004783e-08	4.718286477729463e-06	0.592,0.87,0.586,0.86,0.721	0.726,0.955,1.0,1.0,0.989	-0.208	RBP
149603	"ENSG00000151657.12"	"KIN"	chr10	-	7774830	7774891	7769215	7769345	7778837	7779019	149603	27,29,7,10,18	13,0,4,12,8	21,45,15,31,36	22,0,0,0,0	210	149	0.000188051493084	0.0054177965140875094	0.596,1.0,0.554,0.372,0.615	0.404,1.0,1.0,1.0,1.0	-0.253	RBP
803	"ENSG00000147099.21"	"HDAC8"	chrX	-	72494195	72494381	72484850	72489041	72495155	72495268	803	23,7,0,14,10	1,1,2,2,4	25,2,0,2,1	14,10,7,2,2	298	149	0.000871981958534	0.01930101378328675	0.92,0.778,0.0,0.778,0.556	0.472,0.091,0.0,0.333,0.2	0.387	Epi
4063	"ENSG00000101126.18"	"ADNP"	chr20	-	50904765	50904849	50903888	50904001	50918738	50918781	4063	4,1,1,2,15	0,1,0,0,0	0,30,3,23,47	3,4,0,6,6	233	149	1.88054203745e-05	0.0007827335393473153	1.0,0.39,1.0,1.0,1.0	0.0,0.827,1.0,0.71,0.834	0.204	Epi
12856	"ENSG00000011258.16"	"MBTD1"	chr17	-	51202021	51202077	51201591	51201696	51202700	51202935	12856	6,30,11,14,33	37,18,4,18,18	10,181,8,77,72	34,4,0,0,4	205	149	5.80468317868e-06	0.0002891149698283938	0.105,0.548,0.667,0.361,0.571	0.176,0.97,1.0,1.0,0.929	-0.365	Epi
13950	"ENSG00000276234.5"	"TADA2A"	chr17	+	37426949	37427009	37423508	37423615	37440504	37440579	13950	4,8,4,8,11	5,5,0,4,3	4,73,13,19,9	1,2,0,0,0	209	149	8.16420442362e-09	1.0769470710614283e-06	0.363,0.533,1.0,0.588,0.723	0.74,0.963,1.0,1.0,1.0	-0.299	Epi
14233	"ENSG00000178691.11"	"SUZ12"	chr17	+	31947616	31947685	31937006	31937520	31966146	31966196	14233	61,8,0,0,33	43,4,1,5,12	10,185,2,48,46	20,1,0,0,2	218	149	1.63814782054e-05	0.0006935944508716288	0.492,0.578,0.0,0.0,0.653	0.255,0.992,1.0,1.0,0.94	-0.493	Epi
15327	"ENSG00000178999.13"	"AURKB"	chr17	-	8210176	8210225	8207737	8207840	8210529	8210584	15327	7,3,5,24,11	1,0,0,0,0	17,335,3,28,55	2,60,0,26,35	198	149	1.84561277372e-09	2.981282886938575e-07	0.84,1.0,1.0,1.0,1.0	0.865,0.808,1.0,0.448,0.542	0.235	Epi
29404	"ENSG00000183495.14"	"EP400"	chr12	+	132021078	132021321	132020048	132020218	132023776	132023941	29404	129,163,13,369,90	161,86,31,146,70	115,830,2,561,343	286,78,0,23,1	298	149	1.47090367778e-05	0.0006324497200536489	0.286,0.487,0.173,0.558,0.391	0.167,0.842,1.0,0.924,0.994	-0.406	Epi
30771	"ENSG00000139372.15"	"TDG"	chr12	+	103983135	103983218	103982798	103982934	103983294	103983389	30771	10,25,10,20,17	33,6,0,4,6	10,436,3,248,230	6,4,0,6,0	232	149	1.79129626721e-06	0.00010742496950975272	0.163,0.728,1.0,0.763,0.645	0.517,0.986,1.0,0.964,1.0	-0.234	Epi
41991	"ENSG00000139613.12"	"SMARCC2"	chr12	-	56172936	56173029	56172584	56172704	56173695	56173849	41991	214,639,64,640,729	245,502,75,189,226	283,368,139,217,87	382,776,67,470,294	242	149	0.0012946781917	0.026671190165597027	0.35,0.439,0.344,0.676,0.665	0.313,0.226,0.561,0.221,0.154	0.2	Epi
42966	"ENSG00000149929.16"	"HIRIP3"	chr16	-	29993905	29994843	29993639	29993808	29995102	29995217	42966	90,277,39,372,145	5,31,2,36,8	107,633,195,76,68	13,174,61,34,22	298	149	1.71851111119e-09	2.810845133574036e-07	0.9,0.817,0.907,0.838,0.901	0.805,0.645,0.615,0.528,0.607	0.233	Epi
42967	"ENSG00000149929.16"	"HIRIP3"	chr16	-	29994647	29994843	29993639	29993808	29995102	29995217	42967	42,162,29,209,79	5,31,2,36,8	46,337,82,40,45	13,174,61,34,22	298	149	1.03362707282e-09	1.7991191226319884e-07	0.808,0.723,0.879,0.744,0.832	0.639,0.492,0.402,0.37,0.506	0.315	Epi
45677	"ENSG00000156983.16"	"BRPF1"	chr3	+	9744223	9744508	9743577	9743901	9745007	9745155	45677	126,159,13,64,92	1,0,0,0,0	109,361,5,245,174	4,28,5,17,11	298	149	7.44416306375e-10	1.3368279368937863e-07	0.984,1.0,1.0,1.0,1.0	0.932,0.866,0.333,0.878,0.888	0.217	Epi
46185	"ENSG00000132600.16"	"PRMT7"	chr16	+	68321425	68321462	68315194	68316074	68324682	68324766	46185	5,90,7,50,33	15,16,16,27,27	34,210,44,158,107	49,45,0,22,4	186	149	0.00062683898704	0.014681044928343198	0.211,0.818,0.26,0.597,0.495	0.357,0.789,1.0,0.852,0.955	-0.314	Epi
47163	"ENSG00000171720.10"	"HDAC3"	chr5	-	141625684	141625764	141624861	141625365	141626193	141626283	47163	53,111,3,39,46	39,3,4,3,27	38,271,128,333,196	37,3,10,1,0	229	149	0.000407771453915	0.010304777215434267	0.469,0.96,0.328,0.894,0.526	0.401,0.983,0.893,0.995,1.0	-0.219	Epi
54137	"ENSG00000101266.19"	"CSNK2A1"	chr20	-	527932	528049	526695	526942	543671	543712	54137	6,48,6,8,24	2,0,2,4,2	5,151,14,32,53	0,0,0,0,0	266	149	6.9265670042e-05	0.0023552136789731603	0.627,1.0,0.627,0.528,0.87	1.0,1.0,1.0,1.0,1.0	-0.27	Epi
61274	"ENSG00000100601.10"	"ALKBH1"	chr14	-	77694737	77694900	77679879	77679970	77704368	77704452	61274	22,74,10,13,48	9,14,0,4,26	30,179,24,122,104	2,5,0,6,3	298	149	6.65716068937e-08	6.576143346837759e-06	0.55,0.725,1.0,0.619,0.48	0.882,0.947,1.0,0.91,0.945	-0.262	Epi
70412	"ENSG00000101493.11"	"ZNF516"	chr18	-	76370527	76370595	76357681	76362557	76371466	76371571	70412	86,62,1,92,36	363,66,29,119,120	42,396,7,181,56	223,51,11,24,8	217	149	0.000485273006001	0.011905144957472432	0.14,0.392,0.023,0.347,0.171	0.115,0.842,0.304,0.838,0.828	-0.371	Epi
74672	"ENSG00000163939.18"	"PBRM1"	chr3	-	52554723	52554879	52550746	52550817	52558248	52558413	74672	16,167,2,106,32	6,2,0,1,3	13,164,1,78,26	3,5,0,38,42	298	149	0.00178493578062	0.034731953204842556	0.571,0.977,1.0,0.981,0.842	0.684,0.943,1.0,0.506,0.236	0.2	Epi
78486	"ENSG00000168769.13"	"TET2"	chr4	+	105241338	105241429	105233896	105237351	105242833	105242927	78486	2,12,2,25,16	5,10,0,10,7	4,126,3,27,80	5,12,0,0,4	240	149	0.00176654067919	0.034446088103612583	0.199,0.427,1.0,0.608,0.587	0.332,0.867,1.0,1.0,0.925	-0.261	Epi
79181	"ENSG00000163935.14"	"SFMBT1"	chr3	-	52930940	52931035	52928190	52928341	52932061	52932308	79181	12,31,2,29,19	1,2,2,4,9	4,74,1,7,16	0,0,0,0,0	244	149	1.30767409123e-08	1.6214660569693436e-06	0.88,0.904,0.379,0.816,0.563	1.0,1.0,1.0,1.0,1.0	-0.292	Epi
79319	"ENSG00000028310.18"	"BRD9"	chr5	-	868606	869119	865413	865581	869244	869404	79319	19,2,2,0,4	15,1,0,2,1	0,4,1,1,0	8,5,4,3,5	298	149	0.00112858194275	0.023853385489980356	0.388,0.5,1.0,0.0,0.667	0.0,0.286,0.111,0.143,0.0	0.403	Epi
79887	"ENSG00000123562.17"	"MORF4L2"	chrX	-	103684680	103684729	103678498	103678620	103685170	103685260	79887	7,36,0,12,23	15,18,2,15,29	5,146,29,310,284	0,46,16,96,63	198	149	0.000443141598077	0.011040042767553214	0.26,0.601,0.0,0.376,0.374	1.0,0.705,0.577,0.708,0.772	-0.43	Epi
79888	"ENSG00000123562.17"	"MORF4L2"	chrX	-	103684680	103684729	103678498	103678651	103685170	103685260	79888	13,44,0,9,29	378,43,10,54,252	7,210,45,379,381	55,521,25,428,481	198	149	5.42524423529e-05	0.00192569547016853	0.025,0.435,0.0,0.111,0.08	0.087,0.233,0.575,0.4,0.373	-0.203	Epi
82822	"ENSG00000196498.13"	"NCOR2"	chr12	-	124327408	124327633	124326190	124326370	124330844	124330898	82822	238,523,156,971,330	4,55,0,24,0	648,935,152,677,487	6,45,7,537,392	298	149	0.00217700345614	0.04088822013496877	0.967,0.826,1.0,0.953,1.0	0.982,0.912,0.916,0.387,0.383	0.233	Epi
84470	"ENSG00000132356.11"	"PRKAA1"	chr5	-	40769415	40769503	40767465	40767690	40771718	40771855	84470	43,203,2,72,91	50,10,2,7,35	11,456,14,590,538	13,9,0,4,6	237	149	0.000154577535991	0.0046233349129070145	0.351,0.927,0.386,0.866,0.62	0.347,0.97,1.0,0.989,0.983	-0.228	Epi
86238	"ENSG00000134759.14"	"ELP2"	chr18	+	36138794	36138872	36138094	36138426	36142825	36142860	86238	9,21,0,31,16	75,1,5,10,13	7,105,22,115,109	38,5,0,0,0	227	149	2.96648918705e-05	0.0011518789925355256	0.073,0.932,0.0,0.67,0.447	0.108,0.932,1.0,1.0,1.0	-0.384	Epi
86244	"ENSG00000134759.14"	"ELP2"	chr18	+	36141136	36141201	36138269	36138426	36142825	36142857	86244	24,10,0,4,13	75,1,5,10,13	7,53,15,3,8	38,5,0,0,0	214	149	0.00040060199595	0.010165031663361176	0.182,0.874,0.0,0.218,0.41	0.114,0.881,1.0,1.0,1.0	-0.462	Epi
91183	"ENSG00000010803.16"	"SCMH1"	chr1	-	41033982	41034048	41028583	41028726	41037361	41037452	91183	14,43,0,59,26	54,78,4,122,49	7,251,11,100,69	35,121,7,80,47	215	149	0.00272451260469	0.04923083740662264	0.152,0.276,0.0,0.251,0.269	0.122,0.59,0.521,0.464,0.504	-0.251	Epi
105806	"ENSG00000137486.17"	"ARRB1"	chr11	-	75271700	75271724	75268888	75268959	75272894	75272978	105806	12,51,10,75,48	10,17,4,41,11	67,18,15,16,18	37,44,13,60,37	173	149	2.93116507448e-05	0.0011402030715177713	0.508,0.721,0.683,0.612,0.79	0.609,0.261,0.498,0.187,0.295	0.293	Epi
106139	"ENSG00000184402.15"	"SS18L1"	chr20	+	62161435	62161580	62159876	62159961	62162751	62162931	106139	80,87,22,88,87	61,15,1,6,41	122,396,4,245,146	29,0,0,0,0	294	149	5.42552517357e-08	5.501414918209655e-06	0.399,0.746,0.918,0.881,0.518	0.681,1.0,1.0,1.0,1.0	-0.244	Epi
109114	"ENSG00000168137.17"	"SETD5"	chr3	+	9433369	9433562	9429826	9430051	9433844	9433878	109114	123,84,32,223,131	27,29,7,49,19	90,369,0,151,129	45,251,7,81,71	298	149	0.000157576855073	0.0046979336439396165	0.695,0.592,0.696,0.695,0.775	0.5,0.424,0.0,0.482,0.476	0.314	Epi
119600	"ENSG00000112787.13"	"FBRSL1"	chr12	+	132571306	132571524	132571151	132571231	132572287	132572338	119600	63,62,10,79,67	8,35,1,31,19	69,109,10,68,79	26,269,5,73,74	298	149	0.000288461411275	0.007734044872808876	0.797,0.47,0.833,0.56,0.638	0.57,0.168,0.5,0.318,0.348	0.279	Epi
123706	"ENSG00000106462.11"	"EZH2"	chr7	-	148814913	148815039	148813958	148814137	148815505	148815546	123706	24,24,6,19,10	33,2,5,6,1	13,597,23,83,110	41,18,0,0,0	275	149	0.000550600282355	0.013201833215744306	0.283,0.867,0.394,0.632,0.844	0.147,0.947,1.0,1.0,1.0	-0.215	Epi
127849	"ENSG00000143499.14"	"SMYD2"	chr1	+	214305186	214305250	214281101	214281427	214314761	214314872	127849	23,60,1,90,60	86,8,5,18,19	34,295,96,262,173	70,24,2,4,2	213	149	0.000530014594724	0.012788321010875814	0.158,0.84,0.123,0.778,0.688	0.254,0.896,0.971,0.979,0.984	-0.299	Epi
138600	"ENSG00000157212.19"	"PAXIP1"	chr7	-	154986016	154986179	154983218	154983332	154991005	154991069	138600	11,13,4,19,14	8,23,2,7,3	13,62,0,11,12	8,104,1,55,36	298	149	0.00226608190682	0.04229889604879379	0.407,0.22,0.5,0.576,0.7	0.448,0.23,0.0,0.091,0.143	0.298	Epi
145480	"ENSG00000106829.19"	"TLE4"	chr9	+	79705888	79705942	79704644	79704902	79708117	79708250	145480	53,129,26,168,78	40,4,4,12,45	72,201,4,406,139	5,9,0,0,0	203	149	2.42289521779e-11	6.424669364060831e-09	0.493,0.959,0.827,0.911,0.56	0.914,0.943,1.0,1.0,1.0	-0.221	Epi
150084	"ENSG00000112081.17"	"SRSF3"	chr6	+	36599820	36600276	36598848	36598983	36601151	36601190	150084	710,531,16,169,690	60,700,46,674,360	192,226,42,447,361	236,3244,653,1698,1279	298	149	4.0830260957e-05	0.0015201834985717779	0.855,0.275,0.148,0.111,0.489	0.289,0.034,0.031,0.116,0.124	0.257	Epi
150781	"ENSG00000067066.17"	"SP100"	chr2	+	230417590	230417665	230415941	230416328	230442936	230443099	150781	15,172,0,62,79	43,24,4,19,61	13,98,22,761,1265	7,16,3,71,128	224	149	0.000456492719297	0.0113185157268315	0.188,0.827,0.0,0.685,0.463	0.553,0.803,0.83,0.877,0.868	-0.354	Epi
150797	"ENSG00000067066.17"	"SP100"	chr2	+	230449087	230449150	230446818	230446902	230449313	230449380	150797	24,93,0,57,79	2,2,2,13,13	13,33,3,160,290	1,1,0,0,0	212	149	1.02741483844e-05	0.0004701768095097864	0.894,0.97,0.0,0.755,0.81	0.901,0.959,1.0,1.0,1.0	-0.286	Epi
150814	"ENSG00000067066.17"	"SP100"	chr2	+	230464066	230464150	230462434	230462518	230466300	230466354	150814	34,258,3,61,166	28,6,4,1,38	28,123,38,740,1307	2,5,3,3,30	233	149	5.93745408017e-06	0.0002951633338762174	0.437,0.965,0.324,0.975,0.736	0.9,0.94,0.89,0.994,0.965	-0.25	Epi
803	"ENSG00000147099.21"	"HDAC8"	chrX	-	72494195	72494381	72484850	72489041	72495155	72495268	803	23,7,0,14,10	1,1,2,2,4	25,2,0,2,1	14,10,7,2,2	298	149	0.000871981958534	0.01930101378328675	0.92,0.778,0.0,0.778,0.556	0.472,0.091,0.0,0.333,0.2	0.387	TF
1715	"ENSG00000186951.16"	"PPARA"	chr22	+	46176752	46176836	46151883	46151970	46188722	46188822	1715	2,50,2,47,11	2,28,2,1,6	7,23,2,51,58	1,2,0,2,2	233	149	2.19588898791e-05	0.0008925880820166418	0.39,0.533,0.39,0.968,0.54	0.817,0.88,1.0,0.942,0.949	-0.353	TF
2770	"ENSG00000099917.17"	"MED15"	chr22	+	20551435	20551487	20537116	20537204	20564449	20564500	2770	55,93,5,81,74	57,5,3,7,30	38,173,20,350,250	22,3,0,0,7	201	149	1.53267047257e-05	0.0006553286201862846	0.417,0.932,0.553,0.896,0.646	0.561,0.977,1.0,1.0,0.964	-0.212	TF
4063	"ENSG00000101126.18"	"ADNP"	chr20	-	50904765	50904849	50903888	50904001	50918738	50918781	4063	4,1,1,2,15	0,1,0,0,0	0,30,3,23,47	3,4,0,6,6	233	149	1.88054203745e-05	0.0007827335393473153	1.0,0.39,1.0,1.0,1.0	0.0,0.827,1.0,0.71,0.834	0.204	TF
4280	"ENSG00000198185.11"	"ZNF334"	chr20	-	46506306	46506458	46504613	46504740	46509604	46509751	4280	7,34,13,17,22	7,4,0,26,5	42,7,5,10,2	0,9,0,0,0	298	149	0.00223803685334	0.04186543766630095	0.333,0.81,1.0,0.246,0.688	1.0,0.28,1.0,1.0,1.0	-0.241	TF
6489	"ENSG00000105486.14"	"LIG1"	chr19	-	48133980	48134066	48132981	48133097	48135679	48135779	6489	61,56,11,214,26	43,17,8,25,16	118,414,51,131,143	70,15,0,4,3	235	149	1.55060158258e-06	9.576950837077119e-05	0.474,0.676,0.466,0.844,0.507	0.517,0.946,1.0,0.954,0.968	-0.284	TF
7386	"ENSG00000245680.10"	"ZNF585B"	chr19	-	37198938	37199054	37190023	37190150	37207039	37207254	7386	8,13,0,0,12	15,28,6,18,23	8,25,8,60,29	14,29,0,28,19	265	149	0.000576333975842	0.013697768951939584	0.231,0.207,0.0,0.0,0.227	0.243,0.326,1.0,0.546,0.462	-0.382	TF
7388	"ENSG00000245680.10"	"ZNF585B"	chr19	-	37198938	37199054	37190023	37190150	37210458	37210505	7388	9,7,0,0,8	4,12,3,1,10	6,15,8,29,12	1,4,0,8,0	265	149	8.93886714448e-06	0.0004181835238026296	0.559,0.247,0.0,0.0,0.31	0.771,0.678,1.0,0.671,1.0	-0.601	TF
8070	"ENSG00000181896.12"	"ZNF101"	chr19	+	19678725	19678786	19668795	19668966	19679180	19679523	8070	10,17,2,32,9	4,0,0,2,14	11,19,8,22,26	0,0,0,0,2	210	149	1.22865458222e-05	0.000545772473513187	0.639,1.0,1.0,0.919,0.313	1.0,1.0,1.0,1.0,0.902	-0.206	TF
8809	"ENSG00000223547.10"	"ZNF844"	chr19	+	12074360	12074421	12074030	12074157	12075311	12081565	8809	68,130,9,74,50	63,56,15,35,194	39,97,12,61,67	158,2,0,1,0	210	149	1.04926602507e-06	6.837349319320006e-05	0.434,0.622,0.299,0.6,0.155	0.149,0.972,1.0,0.977,1.0	-0.398	TF
9104	"ENSG00000171466.10"	"ZNF562"	chr19	-	9656546	9656653	9652712	9653878	9674631	9675048	9104	23,20,1,19,13	6,1,0,8,12	35,41,3,14,8	8,0,0,0,0	256	149	0.00265260556629	0.048167173543750746	0.691,0.921,1.0,0.58,0.387	0.718,1.0,1.0,1.0,1.0	-0.228	TF
13950	"ENSG00000276234.5"	"TADA2A"	chr17	+	37426949	37427009	37423508	37423615	37440504	37440579	13950	4,8,4,8,11	5,5,0,4,3	4,73,13,19,9	1,2,0,0,0	209	149	8.16420442362e-09	1.0769470710614283e-06	0.363,0.533,1.0,0.588,0.723	0.74,0.963,1.0,1.0,1.0	-0.299	TF
14164	"ENSG00000010244.18"	"ZNF207"	chr17	+	32361467	32361515	32360891	32360967	32362913	32362984	14164	107,242,0,96,141	183,290,34,97,180	35,1194,61,1065,752	183,70,24,55,19	197	149	4.947509051e-06	0.00025340121495043115	0.307,0.387,0.0,0.428,0.372	0.126,0.928,0.658,0.936,0.968	-0.424	TF
14233	"ENSG00000178691.11"	"SUZ12"	chr17	+	31947616	31947685	31937006	31937520	31966146	31966196	14233	61,8,0,0,33	43,4,1,5,12	10,185,2,48,46	20,1,0,0,2	218	149	1.63814782054e-05	0.0006935944508716288	0.492,0.578,0.0,0.0,0.653	0.255,0.992,1.0,1.0,0.94	-0.493	TF
15711	"ENSG00000141503.17"	"MINK1"	chr17	+	4892401	4892512	4892148	4892234	4892655	4892768	15711	35,95,12,245,51	87,207,25,431,165	85,368,9,537,474	206,44,30,188,61	260	149	0.000855248157975	0.019001687572647287	0.187,0.208,0.216,0.246,0.15	0.191,0.827,0.147,0.621,0.817	-0.319	TF
17979	"ENSG00000197779.13"	"ZNF81"	chrX	+	47842649	47842768	47836901	47836987	47846104	47846321	17979	31,18,16,38,17	3,2,0,10,2	58,14,0,22,12	5,31,2,18,14	268	149	0.000174326244948	0.005094334560280568	0.852,0.833,1.0,0.679,0.825	0.866,0.201,0.0,0.405,0.323	0.479	TF
18891	"ENSG00000085721.12"	"RRN3"	chr16	-	15086364	15086454	15086128	15086258	15091314	15091371	18891	3,20,0,2,19	3,28,2,8,83	0,159,3,51,68	23,26,0,4,12	239	149	0.00056718256311	0.013517280063457726	0.384,0.308,0.0,0.135,0.125	0.0,0.792,1.0,0.888,0.779	-0.501	TF
19322	"ENSG00000006194.10"	"ZNF263"	chr16	+	3285058	3285239	3283490	3284205	3286022	3286149	19322	45,57,2,66,99	2,5,0,10,0	47,76,0,64,22	4,21,2,24,14	298	149	0.000271627644234	0.007344721239603295	0.918,0.851,1.0,0.767,1.0	0.855,0.644,0.0,0.571,0.44	0.405	TF
19324	"ENSG00000006194.10"	"ZNF263"	chr16	+	3285680	3285754	3283505	3284205	3286022	3286149	19324	22,38,3,33,57	2,5,0,10,0	25,49,8,48,32	4,21,2,24,14	223	149	8.84545834233e-05	0.0028863240459598917	0.88,0.835,1.0,0.688,1.0	0.807,0.609,0.728,0.572,0.604	0.217	TF
19969	"ENSG00000068305.17"	"MEF2A"	chr15	+	99620890	99621080	99598429	99598511	99632977	99633173	19969	26,21,2,30,14	20,36,2,16,25	19,5,0,40,49	19,220,5,107,170	298	149	4.08121446371e-06	0.00021612324456490853	0.394,0.226,0.333,0.484,0.219	0.333,0.011,0.0,0.157,0.126	0.206	TF
22051	"ENSG00000137871.20"	"ZNF280D"	chr15	-	56707081	56707143	56704120	56704267	56707262	56707306	22051	55,100,14,75,73	31,60,15,11,25	54,44,30,142,218	46,3,0,0,2	211	149	2.42939129369e-07	1.9793305937000206e-05	0.556,0.541,0.397,0.828,0.673	0.453,0.912,1.0,1.0,0.987	-0.271	TF
22052	"ENSG00000137871.20"	"ZNF280D"	chr15	-	56707081	56707150	56704120	56704267	56707262	56707306	22052	61,130,8,60,88	31,60,15,11,25	56,37,19,245,244	46,3,0,0,2	218	149	4.73877860507e-07	3.485706323534993e-05	0.574,0.597,0.267,0.788,0.706	0.454,0.894,1.0,1.0,0.988	-0.281	TF
22377	"ENSG00000104177.18"	"MYEF2"	chr15	-	48152233	48152284	48151873	48151942	48153791	48153893	22377	38,178,36,238,237	60,87,10,98,61	65,621,26,162,87	21,117,9,5,2	200	149	4.41499886346e-05	0.0016205672174430172	0.321,0.604,0.728,0.644,0.743	0.698,0.798,0.683,0.96,0.97	-0.214	TF
24735	"ENSG00000042088.14"	"TDP1"	chr14	+	89980539	89980632	89971174	89971271	89984515	89984587	24735	12,21,0,12,13	2,2,1,2,3	19,128,11,42,64	1,1,0,0,0	242	149	0.000208790907471	0.00590437467182761	0.787,0.866,0.0,0.787,0.727	0.921,0.987,1.0,1.0,1.0	-0.348	TF
28690	"ENSG00000120693.13"	"SMAD9"	chr13	-	36867272	36867383	36865536	36865758	36872657	36872915	28690	29,338,4,93,125	53,309,10,71,155	59,97,18,112,32	145,15,4,24,7	260	149	0.00130313011471	0.026819843252415928	0.239,0.385,0.186,0.429,0.316	0.189,0.788,0.721,0.728,0.724	-0.319	TF
29404	"ENSG00000183495.14"	"EP400"	chr12	+	132021078	132021321	132020048	132020218	132023776	132023941	29404	129,163,13,369,90	161,86,31,146,70	115,830,2,561,343	286,78,0,23,1	298	149	1.47090367778e-05	0.0006324497200536489	0.286,0.487,0.173,0.558,0.391	0.167,0.842,1.0,0.924,0.994	-0.406	TF
30771	"ENSG00000139372.15"	"TDG"	chr12	+	103983135	103983218	103982798	103982934	103983294	103983389	30771	10,25,10,20,17	33,6,0,4,6	10,436,3,248,230	6,4,0,6,0	232	149	1.79129626721e-06	0.00010742496950975272	0.163,0.728,1.0,0.763,0.645	0.517,0.986,1.0,0.964,1.0	-0.234	TF
32106	"ENSG00000135502.18"	"SLC26A10"	chr12	+	57622786	57622934	57622558	57622641	57623023	57623137	32106	8,0,1,16,2	3,5,1,2,1	15,7,5,31,6	2,2,0,1,0	297	149	3.68292642843e-05	0.0013915873546866562	0.572,0.0,0.334,0.801,0.501	0.79,0.637,1.0,0.94,1.0	-0.432	TF
32685	"ENSG00000088854.12"	"C20orf194"	chr20	-	3290128	3290217	3287631	3287790	3294138	3294256	32685	36,231,3,123,90	27,8,3,10,16	19,196,14,120,82	3,4,0,1,4	238	149	1.05146670619e-05	0.00047882741965412116	0.455,0.948,0.385,0.885,0.779	0.799,0.968,1.0,0.987,0.928	-0.246	TF
36815	"ENSG00000196967.10"	"ZNF585A"	chr19	-	37165594	37165696	37156228	37156355	37169838	37170054	36815	5,37,5,12,12	14,18,3,14,42	6,115,54,37,42	17,32,0,12,15	251	149	0.00216234948924	0.040648174141075806	0.175,0.55,0.497,0.337,0.145	0.173,0.681,1.0,0.647,0.624	-0.284	TF
38094	"ENSG00000175334.8"	"BANF1"	chr11	+	66002843	66003070	66002255	66002513	66003234	66003335	38094	3,33,0,17,31	7,37,4,19,14	0,4,26,34,28	14,147,100,238,185	298	149	1.94519778618e-07	1.6151592536319596e-05	0.176,0.308,0.0,0.309,0.525	0.0,0.013,0.115,0.067,0.07	0.211	TF
41991	"ENSG00000139613.12"	"SMARCC2"	chr12	-	56172936	56173029	56172584	56172704	56173695	56173849	41991	214,639,64,640,729	245,502,75,189,226	283,368,139,217,87	382,776,67,470,294	242	149	0.0012946781917	0.026671190165597027	0.35,0.439,0.344,0.676,0.665	0.313,0.226,0.561,0.221,0.154	0.2	TF
42782	"ENSG00000148840.11"	"PPRC1"	chr10	+	102143044	102143098	102139099	102142004	102146671	102147392	42782	51,30,4,18,9	32,2,0,4,26	18,47,11,82,62	8,3,0,2,0	203	149	0.00125617749207	0.02602216145704785	0.539,0.917,1.0,0.768,0.203	0.623,0.92,1.0,0.968,1.0	-0.217	TF
42788	"ENSG00000148840.11"	"PPRC1"	chr10	+	102144249	102144307	102143044	102143098	102146671	102147392	42788	26,20,2,4,5	22,0,0,3,2	20,25,1,47,18	0,4,0,0,2	207	149	0.000556599554858	0.013304353022144522	0.46,1.0,1.0,0.49,0.643	1.0,0.818,1.0,1.0,0.866	-0.218	TF
42790	"ENSG00000148840.11"	"PPRC1"	chr10	+	102145019	102145090	102139099	102142004	102146671	102147392	42790	25,40,4,44,15	32,2,0,4,26	55,78,3,219,107	8,3,0,2,0	220	149	4.00476649105e-05	0.0014961393918758847	0.346,0.931,1.0,0.882,0.281	0.823,0.946,1.0,0.987,1.0	-0.263	TF
42849	"ENSG00000166169.17"	"POLL"	chr10	-	101584601	101584720	101583507	101583681	101584877	101584919	42849	10,42,2,46,40	0,4,0,4,0	3,21,45,71,34	2,11,18,15,14	268	149	1.26093139263e-08	1.5740002262210498e-06	1.0,0.854,1.0,0.865,1.0	0.455,0.515,0.582,0.725,0.575	0.373	TF
44060	"ENSG00000005436.14"	"GCFC2"	chr2	-	75691976	75692100	75690487	75690719	75694240	75694427	44060	4,8,0,0,20	3,7,2,4,9	1,308,2,26,44	10,9,0,0,0	273	149	1.02368420666e-05	0.00046929432736023016	0.421,0.384,0.0,0.0,0.548	0.052,0.949,1.0,1.0,1.0	-0.53	TF
45677	"ENSG00000156983.16"	"BRPF1"	chr3	+	9744223	9744508	9743577	9743901	9745007	9745155	45677	126,159,13,64,92	1,0,0,0,0	109,361,5,245,174	4,28,5,17,11	298	149	7.44416306375e-10	1.3368279368937863e-07	0.984,1.0,1.0,1.0,1.0	0.932,0.866,0.333,0.878,0.888	0.217	TF
45846	"ENSG00000189308.11"	"LIN54"	chr4	-	82970326	82970465	82946257	82946474	82978882	82979006	45846	50,32,4,10,23	2,0,0,0,0	6,122,1,75,80	0,8,2,6,4	288	149	0.000260253531167	0.0070798095996278156	0.928,1.0,1.0,1.0,1.0	1.0,0.888,0.206,0.866,0.912	0.211	TF
46887	"ENSG00000100722.20"	"ZC3H14"	chr14	+	88596733	88596808	88577984	88578140	88601923	88602083	46887	38,172,7,51,129	23,38,4,4,26	69,532,16,341,228	5,65,0,20,32	224	149	0.00114509618758	0.024135817263747077	0.524,0.751,0.538,0.895,0.767	0.902,0.845,1.0,0.919,0.826	-0.203	TF
47163	"ENSG00000171720.10"	"HDAC3"	chr5	-	141625684	141625764	141624861	141625365	141626193	141626283	47163	53,111,3,39,46	39,3,4,3,27	38,271,128,333,196	37,3,10,1,0	229	149	0.000407771453915	0.010304777215434267	0.469,0.96,0.328,0.894,0.526	0.401,0.983,0.893,0.995,1.0	-0.219	TF
48047	"ENSG00000109685.18"	"NSD2"	chr4	+	1939653	1939778	1935143	1935262	1951071	1951180	48047	42,83,14,99,57	65,8,6,38,29	67,936,8,210,212	32,82,0,27,19	274	149	0.00235129074583	0.0436142826533812	0.26,0.849,0.559,0.586,0.517	0.532,0.861,1.0,0.809,0.859	-0.258	TF
51121	"ENSG00000113658.18"	"SMAD5"	chr5	+	136152674	136152758	136132846	136132962	136153591	136153729	51121	0,6,0,8,4	328,99,27,116,177	2,25,4,20,15	204,158,0,253,103	233	149	0.00210775991683	0.03986952057701564	0.0,0.037,0.0,0.042,0.014	0.006,0.092,1.0,0.048,0.085	-0.228	TF
52925	"ENSG00000175467.15"	"SART1"	chr11	+	65964005	65964131	65961728	65962093	65964514	65964570	52925	22,72,5,25,72	11,0,3,2,0	39,164,68,60,62	0,1,0,0,0	275	149	1.78007409148e-05	0.0007456838044219115	0.52,1.0,0.475,0.871,1.0	1.0,0.989,1.0,1.0,1.0	-0.225	TF
53335	"ENSG00000112282.18"	"MED23"	chr6	-	131615323	131615341	131610045	131610246	131615906	131616002	53335	23,71,4,37,27	2,10,4,1,11	32,72,3,18,14	4,19,2,83,87	167	149	0.00198649655248	0.037889526098254626	0.911,0.864,0.472,0.971,0.687	0.877,0.772,0.572,0.162,0.126	0.279	TF
54236	"ENSG00000185507.21"	"IRF7"	chr11	-	614173	614399	613784	613865	614475	614534	54236	8,106,0,71,21	7,8,2,18,0	24,32,47,44,183	2,3,1,2,1	298	149	0.000488379481397	0.011961071286674908	0.364,0.869,0.0,0.664,1.0	0.857,0.842,0.959,0.917,0.989	-0.333	TF
61011	"ENSG00000083642.19"	"PDS5B"	chr13	+	32770653	32770761	32770120	32770560	32773188	32773324	61011	64,216,11,37,105	104,88,24,18,49	114,600,19,330,227	92,38,5,21,15	257	149	4.95489722219e-06	0.0002536168997842923	0.263,0.587,0.21,0.544,0.554	0.418,0.902,0.688,0.901,0.898	-0.33	TF
63597	"ENSG00000104205.15"	"SGK3"	chr8	+	66677641	66677954	66667551	66667701	66678218	66678295	63597	12,23,4,8,18	4,2,0,0,0	0,15,1,13,12	2,12,37,0,5	298	149	1.06566777047e-05	0.0004841091453039502	0.6,0.852,1.0,1.0,1.0	0.0,0.385,0.013,1.0,0.545	0.502	TF
63951	"ENSG00000169554.21"	"ZEB2"	chr2	-	144424795	144424864	144404835	144405024	144429768	144430026	63951	112,232,26,90,201	32,82,14,74,258	109,296,29,197,353	54,77,6,20,55	218	149	0.000159931600469	0.004755070713556046	0.705,0.659,0.559,0.454,0.347	0.58,0.724,0.768,0.871,0.814	-0.207	TF
63955	"ENSG00000169554.21"	"ZEB2"	chr2	-	144424795	144424953	144404835	144405024	144429768	144430026	63955	131,243,28,86,229	32,82,14,74,258	126,329,29,218,381	54,77,6,20,55	298	149	0.000180815668577	0.005252449082117602	0.672,0.597,0.5,0.368,0.307	0.538,0.681,0.707,0.845,0.776	-0.221	TF
68471	"ENSG00000153207.15"	"AHCTF1"	chr1	-	246842693	246842776	246839097	246840998	246849614	246849849	68471	171,101,13,73,68	85,4,10,2,10	165,352,63,232,218	18,16,1,0,0	232	149	1.77131309509e-05	0.0007429699733516032	0.564,0.942,0.455,0.959,0.814	0.855,0.934,0.976,1.0,1.0	-0.206	TF
68472	"ENSG00000153207.15"	"AHCTF1"	chr1	-	246843794	246843928	246839097	246840998	246849614	246851442	68472	114,58,4,48,52	85,4,10,2,10	114,270,24,164,144	18,16,1,0,0	283	149	0.000299153716951	0.007966581577449866	0.414,0.884,0.174,0.927,0.732	0.769,0.899,0.927,1.0,1.0	-0.293	TF
70412	"ENSG00000101493.11"	"ZNF516"	chr18	-	76370527	76370595	76357681	76362557	76371466	76371571	70412	86,62,1,92,36	363,66,29,119,120	42,396,7,181,56	223,51,11,24,8	217	149	0.000485273006001	0.011905144957472432	0.14,0.392,0.023,0.347,0.171	0.115,0.842,0.304,0.838,0.828	-0.371	TF
71146	"ENSG00000198521.11"	"ZNF43"	chr19	-	21819094	21819221	21817887	21817986	21851904	21852068	71146	26,53,23,50,17	19,0,4,2,11	54,188,4,30,25	2,6,0,0,0	276	149	1.39161613725e-05	0.0006047491809259045	0.425,1.0,0.756,0.931,0.455	0.936,0.944,1.0,1.0,1.0	-0.263	TF
74672	"ENSG00000163939.18"	"PBRM1"	chr3	-	52554723	52554879	52550746	52550817	52558248	52558413	74672	16,167,2,106,32	6,2,0,1,3	13,164,1,78,26	3,5,0,38,42	298	149	0.00178493578062	0.034731953204842556	0.571,0.977,1.0,0.981,0.842	0.684,0.943,1.0,0.506,0.236	0.2	TF
75580	"ENSG00000143437.21"	"ARNT"	chr1	-	150842423	150842468	150839398	150839654	150858348	150858460	75580	11,19,6,8,3	4,0,0,2,8	1,10,5,36,29	0,0,0,0,0	194	149	3.48791187554e-06	0.0001893712154077589	0.679,1.0,1.0,0.754,0.224	1.0,1.0,1.0,1.0,1.0	-0.269	TF
78249	"ENSG00000198625.13"	"MDM4"	chr1	+	204537429	204537497	204532190	204532246	204538208	204538308	78249	41,35,16,57,18	250,76,16,82,121	61,170,5,91,78	214,201,3,38,55	217	149	0.00156852574924	0.031173222171889944	0.101,0.24,0.407,0.323,0.093	0.164,0.367,0.534,0.622,0.493	-0.203	TF
78486	"ENSG00000168769.13"	"TET2"	chr4	+	105241338	105241429	105233896	105237351	105242833	105242927	78486	2,12,2,25,16	5,10,0,10,7	4,126,3,27,80	5,12,0,0,4	240	149	0.00176654067919	0.034446088103612583	0.199,0.427,1.0,0.608,0.587	0.332,0.867,1.0,1.0,0.925	-0.261	TF
79319	"ENSG00000028310.18"	"BRD9"	chr5	-	868606	869119	865413	865581	869244	869404	79319	19,2,2,0,4	15,1,0,2,1	0,4,1,1,0	8,5,4,3,5	298	149	0.00112858194275	0.023853385489980356	0.388,0.5,1.0,0.0,0.667	0.0,0.286,0.111,0.143,0.0	0.403	TF
80637	"ENSG00000140993.11"	"TIGD7"	chr16	-	3304763	3304944	3301678	3302009	3305211	3305430	80637	17,11,0,12,11	2,40,2,15,5	2,8,2,0,9	7,47,4,16,34	298	149	0.00187693839738	0.03616987594739437	0.81,0.121,0.0,0.286,0.524	0.125,0.078,0.2,0.0,0.117	0.244	TF
81430	"ENSG00000140470.14"	"ADAMTS17"	chr15	-	100132006	100132152	100116846	100117013	100152611	100152762	81430	20,6,5,257,21	1,2,2,10,5	27,2,6,1,1	0,0,0,0,0	295	149	7.4644552206e-07	5.147469342697233e-05	0.91,0.602,0.558,0.928,0.68	1.0,1.0,1.0,1.0,1.0	-0.264	TF
81775	"ENSG00000173480.11"	"ZNF417"	chr19	-	57915337	57915531	57912059	57912186	57916378	57916577	81775	198,10,4,37,30	46,58,3,42,15	36,12,0,0,0	62,67,4,40,33	298	149	9.39212002948e-07	6.267639463650324e-05	0.683,0.079,0.4,0.306,0.5	0.225,0.082,0.0,0.0,0.0	0.332	TF
82822	"ENSG00000196498.13"	"NCOR2"	chr12	-	124327408	124327633	124326190	124326370	124330844	124330898	82822	238,523,156,971,330	4,55,0,24,0	648,935,152,677,487	6,45,7,537,392	298	149	0.00217700345614	0.04088822013496877	0.967,0.826,1.0,0.953,1.0	0.982,0.912,0.916,0.387,0.383	0.233	TF
83843	"ENSG00000174953.14"	"DHX36"	chr3	-	154280762	154280862	154278494	154280669	154283187	154283218	83843	47,121,0,48,104	31,4,5,0,14	29,734,68,273,262	15,0,4,0,0	249	149	0.00124259507928	0.02581061087140059	0.476,0.948,0.0,1.0,0.816	0.536,1.0,0.91,1.0,1.0	-0.241	TF
85959	"ENSG00000213988.11"	"ZNF90"	chr19	+	20125005	20126166	20105220	20105316	20126751	20127018	85959	7,8,2,4,7	0,0,0,0,0	6,74,5,4,4	0,10,0,4,2	298	149	5.84372494183e-06	0.0002908370078465209	1.0,1.0,1.0,1.0,1.0	1.0,0.787,1.0,0.333,0.5	0.276	TF
86160	"ENSG00000116793.16"	"PHTF1"	chr1	-	113713278	113713438	113711939	113712113	113724758	113724893	86160	30,105,5,74,62	11,2,5,16,8	22,357,8,180,124	3,4,0,8,4	298	149	9.60790173909e-06	0.0004440576410445728	0.577,0.963,0.333,0.698,0.795	0.786,0.978,1.0,0.918,0.939	-0.251	TF
89181	"ENSG00000118412.12"	"CASP8AP2"	chr6	+	89846561	89846644	89829899	89830067	89853165	89853234	89181	35,64,5,44,25	24,2,3,5,12	56,139,6,82,53	4,6,0,2,7	232	149	0.000156459721307	0.004669974753619022	0.484,0.954,0.517,0.85,0.572	0.9,0.937,1.0,0.963,0.829	-0.25	TF
90466	"ENSG00000112851.14"	"ERBIN"	chr5	+	66068876	66069020	66053405	66054951	66072168	66072291	90466	7,22,6,10,21	1,1,0,0,0	2,11,4,2,10	0,18,0,12,21	293	149	2.2319694204e-08	2.5547475335789794e-06	0.781,0.918,1.0,1.0,1.0	1.0,0.237,1.0,0.078,0.195	0.438	TF
91183	"ENSG00000010803.16"	"SCMH1"	chr1	-	41033982	41034048	41028583	41028726	41037361	41037452	91183	14,43,0,59,26	54,78,4,122,49	7,251,11,100,69	35,121,7,80,47	215	149	0.00272451260469	0.04923083740662264	0.152,0.276,0.0,0.251,0.269	0.122,0.59,0.521,0.464,0.504	-0.251	TF
93380	"ENSG00000136936.10"	"XPA"	chr9	-	97682199	97682430	97674908	97675587	97684922	97685040	93380	49,27,6,107,36	25,50,0,42,23	31,53,24,16,18	21,123,106,67,61	298	149	0.000521938764472	0.0126309181002224	0.495,0.213,1.0,0.56,0.439	0.425,0.177,0.102,0.107,0.129	0.353	TF
93384	"ENSG00000136936.10"	"XPA"	chr9	-	97689533	97689639	97684922	97685040	97693648	97693759	93384	24,35,4,15,17	66,10,7,17,31	8,64,62,53,48	82,6,7,0,7	255	149	0.001223578434	0.025468428104406714	0.175,0.672,0.25,0.34,0.243	0.054,0.862,0.838,1.0,0.8	-0.375	TF
97941	"ENSG00000101868.11"	"POLA1"	chrX	+	24703250	24703347	24699424	24699549	24704388	24704469	97941	41,95,6,79,64	11,6,4,8,6	53,367,3,69,41	1,4,0,0,4	246	149	4.47830882377e-08	4.657011945843122e-06	0.693,0.906,0.476,0.857,0.866	0.97,0.982,1.0,1.0,0.861	-0.203	TF
103414	"ENSG00000141905.19"	"NFIC"	chr19	+	3453762	3453916	3452481	3452666	3462751	3469217	103414	29,72,3,82,31	167,292,23,292,96	9,277,9,362,215	105,287,3,458,283	298	149	0.00126840492288	0.026217057840813535	0.08,0.11,0.061,0.123,0.139	0.041,0.325,0.6,0.283,0.275	-0.202	TF
104671	"ENSG00000049246.14"	"PER3"	chr1	+	7786720	7786836	7785440	7785586	7788044	7788246	104671	6,306,0,38,78	35,36,2,6,31	13,252,36,82,119	8,10,0,0,2	265	149	1.27270929801e-05	0.0005628453116973843	0.088,0.827,0.0,0.781,0.586	0.477,0.934,1.0,1.0,0.971	-0.42	TF
105806	"ENSG00000137486.17"	"ARRB1"	chr11	-	75271700	75271724	75268888	75268959	75272894	75272978	105806	12,51,10,75,48	10,17,4,41,11	67,18,15,16,18	37,44,13,60,37	173	149	2.93116507448e-05	0.0011402030715177713	0.508,0.721,0.683,0.612,0.79	0.609,0.261,0.498,0.187,0.295	0.293	TF
107464	"ENSG00000179195.16"	"ZNF664"	chr12	+	124003422	124003540	123988042	123988138	124004877	124004935	107464	16,61,6,58,46	0,4,2,5,10	15,69,4,89,70	19,31,1,73,51	267	149	1.12383144124e-07	1.0189300718919432e-05	1.0,0.895,0.626,0.866,0.72	0.306,0.554,0.691,0.405,0.434	0.343	TF
109093	"ENSG00000162929.14"	"KIAA1841"	chr2	+	61092463	61092587	61088357	61088468	61103852	61103998	109093	3,2,0,4,4	3,4,2,2,2	1,26,3,7,8	0,3,0,0,1	273	149	3.66617709524e-08	3.922116623597921e-06	0.353,0.214,0.0,0.522,0.522	1.0,0.825,1.0,1.0,0.814	-0.606	TF
109682	"ENSG00000116001.16"	"TIA1"	chr2	-	70228343	70228462	70227734	70227791	70229058	70229091	109682	6,17,2,8,16	0,0,0,0,0	4,7,0,21,20	0,9,1,5,8	268	149	1.4591249986e-08	1.770477523930341e-06	1.0,1.0,1.0,1.0,1.0	1.0,0.302,0.0,0.7,0.582	0.483	TF
109684	"ENSG00000116001.16"	"TIA1"	chr2	-	70228343	70228462	70227734	70227822	70229058	70229091	109684	9,23,2,8,29	10,43,4,6,25	4,30,1,22,35	25,260,5,91,89	268	149	6.84325525135e-08	6.729338827075261e-06	0.333,0.229,0.218,0.426,0.392	0.082,0.06,0.1,0.118,0.179	0.212	TF
113828	"ENSG00000115993.13"	"TRAK2"	chr2	-	201401017	201401094	201399376	201399493	201407402	201407597	113828	97,1400,33,210,1004	293,67,4,34,226	456,210,67,634,269	84,13,2,1,8	226	149	0.000312069626053	0.008256496044217921	0.179,0.932,0.845,0.803,0.745	0.782,0.914,0.957,0.998,0.957	-0.221	TF
114124	"ENSG00000154124.5"	"OTULIN"	chr5	+	14673641	14673718	14664717	14664977	14678680	14678775	114124	80,143,15,114,74	59,80,13,27,50	113,288,1,223,151	92,59,0,14,13	226	149	0.00118978348988	0.02489634382006051	0.472,0.541,0.432,0.736,0.494	0.447,0.763,1.0,0.913,0.884	-0.266	TF
114125	"ENSG00000154124.5"	"OTULIN"	chr5	+	14678680	14678775	14664663	14664977	14681463	14681607	114125	121,153,19,70,84	35,2,6,11,66	132,207,1,71,98	41,1,0,2,1	244	149	0.000417304942855	0.010504917699139516	0.679,0.979,0.659,0.795,0.437	0.663,0.992,1.0,0.956,0.984	-0.209	TF
118971	"ENSG00000125347.14"	"IRF1"	chr5	-	132485666	132485716	132484361	132484497	132486556	132486686	118971	19,26,3,14,22	43,1,2,4,27	13,13,11,118,55	3,5,0,0,1	199	149	1.62129682979e-06	9.905507369842274e-05	0.249,0.951,0.529,0.724,0.379	0.764,0.661,1.0,1.0,0.976	-0.314	TF
118973	"ENSG00000125347.14"	"IRF1"	chr5	-	132486250	132486373	132484361	132484497	132486556	132486686	118973	51,58,2,16,64	43,1,2,4,27	40,35,26,218,154	3,5,0,0,1	272	149	4.33434454994e-09	6.271434688130642e-07	0.394,0.969,0.354,0.687,0.565	0.88,0.793,1.0,1.0,0.988	-0.338	TF
119544	"ENSG00000015479.19"	"MATR3"	chr5	+	139307238	139308327	139293729	139293805	139316075	139316188	119544	55,337,41,204,230	161,2,2,0,147	102,491,59,467,236	16,0,0,2,0	298	149	0.000896743756424	0.019738368573352344	0.146,0.988,0.911,1.0,0.439	0.761,1.0,1.0,0.992,1.0	-0.254	TF
119554	"ENSG00000015479.19"	"MATR3"	chr5	+	139314674	139314736	139293679	139293805	139316075	139316188	119554	22,2,2,2,16	161,2,2,0,147	1,38,2,22,25	16,0,0,2,0	211	149	1.58765446765e-05	0.0006759524560829281	0.088,0.414,0.414,1.0,0.071	0.042,1.0,1.0,0.886,1.0	-0.388	TF
119558	"ENSG00000015479.19"	"MATR3"	chr5	+	139315696	139315738	139293721	139293805	139316075	139316188	119558	65,219,33,85,149	161,2,2,0,147	79,339,86,339,168	16,0,0,2,0	191	149	0.000225504849013	0.006289594970457701	0.24,0.988,0.928,1.0,0.442	0.794,1.0,1.0,0.992,1.0	-0.238	TF
119758	"ENSG00000113108.19"	"APBB3"	chr5	-	140561843	140561995	140561586	140561701	140562099	140562227	119758	46,16,8,26,42	5,4,0,0,4	73,38,0,12,10	2,7,2,35,23	298	149	0.000682612878847	0.01576903442757354	0.821,0.667,1.0,1.0,0.84	0.948,0.731,0.0,0.146,0.179	0.465	TF
123706	"ENSG00000106462.11"	"EZH2"	chr7	-	148814913	148815039	148813958	148814137	148815505	148815546	123706	24,24,6,19,10	33,2,5,6,1	13,597,23,83,110	41,18,0,0,0	275	149	0.000550600282355	0.013201833215744306	0.283,0.867,0.394,0.632,0.844	0.147,0.947,1.0,1.0,1.0	-0.215	TF
124021	"ENSG00000139793.18"	"MBNL2"	chr13	+	97366458	97366553	97357481	97357635	97391321	97391599	124021	39,86,15,19,100	38,174,13,22,153	77,106,5,369,75	50,16,0,181,75	244	149	0.00088651569265	0.01953563797996843	0.385,0.232,0.413,0.345,0.285	0.485,0.802,1.0,0.555,0.379	-0.312	TF
127216	"ENSG00000105136.20"	"ZNF419"	chr19	+	57490146	57490185	57487717	57487983	57491467	57491597	127216	0,22,2,4,3	5,4,4,8,8	5,24,2,40,21	12,3,0,6,1	188	149	0.000849376321833	0.01889702658875073	0.0,0.813,0.284,0.284,0.229	0.248,0.864,1.0,0.841,0.943	-0.457	TF
128209	"ENSG00000122299.12"	"ZC3H7A"	chr16	-	11761405	11761511	11758430	11758539	11761909	11762043	128209	38,241,0,76,102	6,4,2,2,11	11,546,60,469,356	2,9,0,0,0	255	149	0.000532820872514	0.012836999688718124	0.787,0.972,0.0,0.957,0.844	0.763,0.973,1.0,1.0,1.0	-0.235	TF
128210	"ENSG00000122299.12"	"ZC3H7A"	chr16	-	11761467	11761511	11758430	11758539	11761909	11762043	128210	8,47,0,8,16	6,4,2,2,11	2,119,22,145,100	2,9,0,0,0	193	149	4.92107842576e-06	0.00025264381968464073	0.507,0.901,0.0,0.755,0.529	0.436,0.911,1.0,1.0,1.0	-0.331	TF
128213	"ENSG00000122299.12"	"ZC3H7A"	chr16	-	11769030	11769095	11768314	11768501	11770782	11770841	128213	7,83,0,13,43	24,3,3,3,30	10,309,21,210,163	20,12,0,3,2	214	149	0.000511225486505	0.012422865616712877	0.169,0.951,0.0,0.751,0.499	0.258,0.947,1.0,0.98,0.983	-0.36	TF
129725	"ENSG00000165392.11"	"WRN"	chr8	+	31124907	31125000	31124521	31124623	31132364	31132506	129725	87,34,2,39,25	12,0,4,0,4	22,310,9,49,92	1,0,0,0,0	242	149	2.20430243204e-05	0.0008942063347761236	0.817,1.0,0.235,1.0,0.794	0.931,1.0,1.0,1.0,1.0	-0.217	TF
130068	"ENSG00000174306.21"	"ZHX3"	chr20	-	41267462	41267612	41184826	41185201	41268989	41269083	130068	22,191,4,15,39	0,4,0,0,0	19,6,3,11,0	0,5,2,9,8	298	149	1.34955380204e-11	3.8331872111245374e-09	1.0,0.96,1.0,1.0,1.0	1.0,0.375,0.429,0.379,0.0	0.555	TF
130795	"ENSG00000106948.16"	"AKNA"	chr9	-	114364559	114364619	114362405	114362533	114368438	114368595	130795	87,68,4,144,29	48,0,2,32,18	18,61,3,30,29	1,0,0,0,0	209	149	1.93189908515e-12	6.977076042185606e-10	0.564,1.0,0.588,0.762,0.535	0.928,1.0,1.0,1.0,1.0	-0.296	TF
130796	"ENSG00000106948.16"	"AKNA"	chr9	-	114367542	114367697	114362405	114362533	114368438	114368595	130796	141,122,11,192,60	48,0,2,32,18	36,95,2,42,43	1,0,0,0,0	298	149	3.36286554159e-13	1.4892232722886112e-10	0.595,1.0,0.733,0.75,0.625	0.947,1.0,1.0,1.0,1.0	-0.249	TF
132140	"ENSG00000196150.13"	"ZNF250"	chr8	-	144886839	144886902	144876950	144882836	144889580	144889694	132140	51,81,8,50,47	27,41,4,29,35	41,163,5,69,59	38,17,0,9,5	212	149	0.000400337319224	0.010162276781767968	0.57,0.581,0.584,0.548,0.486	0.431,0.871,1.0,0.843,0.892	-0.254	TF
132592	"ENSG00000110768.12"	"GTF2H1"	chr11	+	18351880	18351969	18347831	18347919	18352328	18352446	132592	38,180,3,32,85	18,0,1,10,28	30,231,50,505,306	4,4,0,6,2	238	149	3.82993636805e-12	1.2716054694950528e-09	0.569,1.0,0.653,0.667,0.655	0.824,0.973,1.0,0.981,0.99	-0.245	TF
133739	"ENSG00000111358.14"	"GTF2H3"	chr12	+	123654923	123654998	123652706	123652735	123659429	123659475	133739	13,31,0,21,34	9,0,2,4,24	8,141,5,82,58	6,5,0,2,0	224	149	0.0027566377909	0.049695843999592655	0.49,1.0,0.0,0.777,0.485	0.47,0.949,1.0,0.965,1.0	-0.326	TF
133960	"ENSG00000189298.14"	"ZKSCAN3"	chr6	+	28363691	28363815	28363302	28363385	28365425	28366746	133960	22,74,19,119,42	9,14,6,32,10	72,122,2,110,63	17,14,0,3,4	273	149	0.000347913881262	0.009037708636230518	0.572,0.743,0.633,0.67,0.696	0.698,0.826,1.0,0.952,0.896	-0.212	TF
134112	"ENSG00000197008.9"	"ZNF138"	chr7	+	64830939	64831076	64794387	64794571	64831450	64831803	134112	6,13,0,6,9	49,14,12,45,46	6,31,5,6,11	24,32,7,2,6	286	149	0.000253789115065	0.006948964800210881	0.06,0.326,0.0,0.065,0.093	0.115,0.335,0.271,0.61,0.489	-0.255	TF
134307	"ENSG00000075407.18"	"ZNF37A"	chr10	+	38094930	38095224	38094333	38094490	38095357	38095633	134307	147,117,10,102,97	5,13,0,5,0	46,68,10,99,74	13,22,3,12,8	298	149	6.32802289235e-07	4.458242794872298e-05	0.936,0.818,1.0,0.911,1.0	0.639,0.607,0.625,0.805,0.822	0.233	TF
135514	"ENSG00000185252.19"	"ZNF74"	chr22	+	20395332	20395418	20394150	20394662	20405376	20406968	135514	9,10,4,51,8	7,8,0,11,11	26,51,24,31,19	17,4,0,2,0	235	149	0.00249687755529	0.045896296793524895	0.449,0.442,1.0,0.746,0.316	0.492,0.89,1.0,0.908,1.0	-0.267	TF
135713	"ENSG00000171163.15"	"ZNF692"	chr1	-	248856513	248856562	248856287	248856422	248857233	248857436	135713	166,111,20,253,58	91,6,14,27,31	241,332,112,171,136	144,6,0,2,0	198	149	8.46403225285e-07	5.724587756841863e-05	0.579,0.933,0.518,0.876,0.585	0.557,0.977,1.0,0.985,1.0	-0.206	TF
135743	"ENSG00000196652.11"	"ZKSCAN5"	chr7	+	99520168	99520304	99519826	99519909	99525812	99526418	135743	24,76,6,73,27	2,8,0,5,9	30,60,3,57,48	2,35,2,42,15	285	149	0.00176563933426	0.034435625496044106	0.863,0.832,1.0,0.884,0.611	0.887,0.473,0.44,0.415,0.626	0.27	TF
137929	"ENSG00000089775.11"	"ZBTB25"	chr14	-	64499440	64499563	64490360	64490540	64504486	64504584	137929	15,26,7,19,31	2,1,0,2,0	8,14,7,13,28	2,6,0,2,17	272	149	8.71472285791e-06	0.000409258145944571	0.804,0.934,1.0,0.839,1.0	0.687,0.561,1.0,0.781,0.474	0.215	TF
138600	"ENSG00000157212.19"	"PAXIP1"	chr7	-	154986016	154986179	154983218	154983332	154991005	154991069	138600	11,13,4,19,14	8,23,2,7,3	13,62,0,11,12	8,104,1,55,36	298	149	0.00226608190682	0.04229889604879379	0.407,0.22,0.5,0.576,0.7	0.448,0.23,0.0,0.091,0.143	0.298	TF
139121	"ENSG00000128000.16"	"ZNF780B"	chr19	-	40055415	40055576	40050323	40050377	40056100	40056175	139121	44,34,18,21,16	6,5,0,18,2	12,36,1,10,5	2,18,15,11,3	298	149	0.00180909895574	0.03512862753788591	0.786,0.773,1.0,0.368,0.8	0.75,0.5,0.032,0.312,0.455	0.336	TF
142545	"ENSG00000156469.9"	"MTERF3"	chr8	-	96243918	96244080	96239401	96239685	96245859	96245931	142545	89,79,2,17,31	12,7,4,0,13	18,433,189,124,132	9,3,2,0,3	298	149	0.000437126708483	0.010921353307105933	0.788,0.849,0.2,1.0,0.544	0.5,0.986,0.979,1.0,0.957	-0.208	TF
143493	"ENSG00000123415.15"	"SMUG1"	chr12	-	54187818	54187902	54183653	54183959	54188950	54189008	143493	9,5,0,2,3	11,16,2,26,11	5,54,29,21,19	10,32,29,71,17	233	149	0.00145016984879	0.029245091950598334	0.343,0.167,0.0,0.047,0.149	0.242,0.519,0.39,0.159,0.417	-0.204	TF
143498	"ENSG00000123415.15"	"SMUG1"	chr12	-	54187818	54187905	54183655	54183959	54188950	54188974	143498	10,9,0,2,3	11,16,2,26,11	5,73,29,34,25	10,32,29,71,17	236	149	0.00187716866706	0.03616987594739437	0.365,0.262,0.0,0.046,0.147	0.24,0.59,0.387,0.232,0.481	-0.222	TF
145480	"ENSG00000106829.19"	"TLE4"	chr9	+	79705888	79705942	79704644	79704902	79708117	79708250	145480	53,129,26,168,78	40,4,4,12,45	72,201,4,406,139	5,9,0,0,0	203	149	2.42289521779e-11	6.424669364060831e-09	0.493,0.959,0.827,0.911,0.56	0.914,0.943,1.0,1.0,1.0	-0.221	TF
149603	"ENSG00000151657.12"	"KIN"	chr10	-	7774830	7774891	7769215	7769345	7778837	7779019	149603	27,29,7,10,18	13,0,4,12,8	21,45,15,31,36	22,0,0,0,0	210	149	0.000188051493084	0.0054177965140875094	0.596,1.0,0.554,0.372,0.615	0.404,1.0,1.0,1.0,1.0	-0.253	TF
150781	"ENSG00000067066.17"	"SP100"	chr2	+	230417590	230417665	230415941	230416328	230442936	230443099	150781	15,172,0,62,79	43,24,4,19,61	13,98,22,761,1265	7,16,3,71,128	224	149	0.000456492719297	0.0113185157268315	0.188,0.827,0.0,0.685,0.463	0.553,0.803,0.83,0.877,0.868	-0.354	TF
150797	"ENSG00000067066.17"	"SP100"	chr2	+	230449087	230449150	230446818	230446902	230449313	230449380	150797	24,93,0,57,79	2,2,2,13,13	13,33,3,160,290	1,1,0,0,0	212	149	1.02741483844e-05	0.0004701768095097864	0.894,0.97,0.0,0.755,0.81	0.901,0.959,1.0,1.0,1.0	-0.286	TF
150814	"ENSG00000067066.17"	"SP100"	chr2	+	230464066	230464150	230462434	230462518	230466300	230466354	150814	34,258,3,61,166	28,6,4,1,38	28,123,38,740,1307	2,5,3,3,30	233	149	5.93745408017e-06	0.0002951633338762174	0.437,0.965,0.324,0.975,0.736	0.9,0.94,0.89,0.994,0.965	-0.25	TF
151491	"ENSG00000137574.11"	"TGS1"	chr8	+	55782747	55782812	55773445	55773719	55785718	55785891	151491	12,83,3,20,22	25,5,2,11,9	14,379,1,166,117	19,13,0,0,0	214	149	2.02339267429e-05	0.0008318207534634066	0.25,0.92,0.511,0.559,0.63	0.339,0.953,1.0,1.0,1.0	-0.284	TF
